/*--------------------------------*- C++ -*----------------------------------*\
  =========                 |
  \\      /  F ield         | OpenFOAM: The Open Source CFD Toolbox
   \\    /   O peration     | Website:  https://openfoam.org
    \\  /    A nd           | Version:  dev
     \\/     M anipulation  |
\*---------------------------------------------------------------------------*/
FoamFile
{
    format      ascii;
    class       faceZoneList;
    location    "constant/polyMesh";
    object      faceZones;
}
// * * * * * * * * * * * * * * * * * * * * * * * * * * * * * * * * * * * * * //

5
(
waterWallShower
{
    type faceZone;
faceLabels      List<label> 
164
(
109277
109437
106450
106447
109578
109486
109116
109709
109685
109217
109373
109670
109429
109745
109548
109515
109501
109639
109554
109659
109337
109550
109654
109691
109580
109715
109720
109575
109698
109637
109510
109148
109648
109403
109776
109601
109129
109395
109627
109075
109641
109707
106461
109703
109712
109071
109683
109695
109058
109693
109617
109323
109178
109643
109446
109765
109572
109505
109635
109282
109527
109557
109674
109538
109675
109651
109529
109657
109621
109507
109623
109701
109450
109466
109673
109326
109678
109780
109054
109663
109247
109067
109692
109619
106457
109681
109697
109081
109689
109666
109211
109541
109679
109453
109398
109646
109480
109778
109597
109521
109647
109143
109560
109656
109704
109536
109644
109632
109523
109664
109591
109503
109348
109661
109457
109476
109625
109362
109498
109748
109089
109700
109564
109718
109612
109520
109545
109518
109259
109086
109286
109513
109254
109261
109442
109630
109699
109658
109535
109516
109462
109359
109186
108963
108238
109014
109567
109668
109669
109559
109534
109542
109525
109502
109441
109263
109367
108908
108346
108893
109168
109423
109613
109629
)
;
flipMap         List<bool> 164{true};
}

showerInnerWall
{
    type faceZone;
faceLabels      List<label> 
164
(
109277
109437
106450
106447
109578
109486
109116
109709
109685
109217
109373
109670
109429
109745
109548
109515
109501
109639
109554
109659
109337
109550
109654
109691
109580
109715
109720
109575
109698
109637
109510
109148
109648
109403
109776
109601
109129
109395
109627
109075
109641
109707
106461
109703
109712
109071
109683
109695
109058
109693
109617
109323
109178
109643
109446
109765
109572
109505
109635
109282
109527
109557
109674
109538
109675
109651
109529
109657
109621
109507
109623
109701
109450
109466
109673
109326
109678
109780
109054
109663
109247
109067
109692
109619
106457
109681
109697
109081
109689
109666
109211
109541
109679
109453
109398
109646
109480
109778
109597
109521
109647
109143
109560
109656
109704
109536
109644
109632
109523
109664
109591
109503
109348
109661
109457
109476
109625
109362
109498
109748
109089
109700
109564
109718
109612
109520
109545
109518
109259
109086
109286
109513
109254
109261
109442
109630
109699
109658
109535
109516
109462
109359
109186
108963
108238
109014
109567
109668
109669
109559
109534
109542
109525
109502
109441
109263
109367
108908
108346
108893
109168
109423
109613
109629
)
;
flipMap         List<bool> 164{true};
}

waterOutlet
{
    type faceZone;
faceLabels      List<label> 
333
(
108330
108691
107185
108721
108844
108718
109734
106912
108190
107463
108715
108807
109236
109751
108837
108710
108505
107757
108808
108645
108077
109121
109569
108778
109499
108839
107456
108348
107699
108885
108673
107608
107416
107878
108290
107868
107532
107491
107321
108162
109660
106604
109463
107542
109606
108251
107393
109390
108684
108203
107444
108523
107805
109149
108459
107738
108527
108146
108324
108454
108960
107962
107857
108307
107513
107601
108038
109738
108967
106826
108670
106548
108919
107110
109553
108322
107933
108941
108785
109015
108913
107341
108383
107529
109401
109173
108393
107888
108491
109174
109786
108974
108889
108857
108882
109605
109628
108541
108906
107824
108244
108280
108123
109743
108555
109188
109736
108813
108500
109032
108008
108142
108833
108999
109598
109544
108843
108432
109762
109219
109049
108824
108730
107303
108450
108817
108761
107669
109419
109335
108990
107920
109405
107936
108079
108795
108553
108371
109633
107488
108332
107271
107619
107894
107273
107620
106653
108372
108100
106510
108186
106740
106586
108009
107050
107898
107733
107238
106718
107043
106541
107897
107705
107649
107062
106836
106674
106829
107961
106734
107767
106544
107060
106968
107115
107859
107787
106489
107864
106517
107641
106486
107912
107709
107127
106819
108019
106842
107736
106994
106799
107883
107772
107966
107244
107646
106671
106918
107960
106848
109025
108588
108568
107398
106804
106624
106957
107373
106984
107625
107717
106576
108333
108462
107742
106582
107741
106908
108805
106981
107129
107582
107094
107820
107832
106528
108316
107058
107125
108165
108557
108406
108757
108938
107338
107956
106569
107586
108870
107796
107048
108754
106693
108486
107640
107497
107924
107548
108956
107077
106483
108451
108635
107980
106974
106777
108501
107370
108916
109582
108830
108804
108752
107508
108781
107104
107101
109385
108071
108811
108654
107133
108127
107693
108466
108780
108273
107643
108726
106645
109011
108263
109018
108494
107740
108551
108765
109172
108931
109126
108834
107645
109000
108854
109123
108476
109042
108845
108256
108417
108939
108849
107688
108746
106955
108850
108381
109421
107834
108984
108903
108409
107792
107228
107873
108693
108707
109594
108869
106634
108350
106900
108562
108595
107386
107551
108852
109180
108627
108952
108649
107362
107569
)
;
flipMap         List<bool> 333{true};
}

showerInlet
{
    type faceZone;
faceLabels      List<label> 
333
(
108330
108691
107185
108721
108844
108718
109734
106912
108190
107463
108715
108807
109236
109751
108837
108710
108505
107757
108808
108645
108077
109121
109569
108778
109499
108839
107456
108348
107699
108885
108673
107608
107416
107878
108290
107868
107532
107491
107321
108162
109660
106604
109463
107542
109606
108251
107393
109390
108684
108203
107444
108523
107805
109149
108459
107738
108527
108146
108324
108454
108960
107962
107857
108307
107513
107601
108038
109738
108967
106826
108670
106548
108919
107110
109553
108322
107933
108941
108785
109015
108913
107341
108383
107529
109401
109173
108393
107888
108491
109174
109786
108974
108889
108857
108882
109605
109628
108541
108906
107824
108244
108280
108123
109743
108555
109188
109736
108813
108500
109032
108008
108142
108833
108999
109598
109544
108843
108432
109762
109219
109049
108824
108730
107303
108450
108817
108761
107669
109419
109335
108990
107920
109405
107936
108079
108795
108553
108371
109633
107488
108332
107271
107619
107894
107273
107620
106653
108372
108100
106510
108186
106740
106586
108009
107050
107898
107733
107238
106718
107043
106541
107897
107705
107649
107062
106836
106674
106829
107961
106734
107767
106544
107060
106968
107115
107859
107787
106489
107864
106517
107641
106486
107912
107709
107127
106819
108019
106842
107736
106994
106799
107883
107772
107966
107244
107646
106671
106918
107960
106848
109025
108588
108568
107398
106804
106624
106957
107373
106984
107625
107717
106576
108333
108462
107742
106582
107741
106908
108805
106981
107129
107582
107094
107820
107832
106528
108316
107058
107125
108165
108557
108406
108757
108938
107338
107956
106569
107586
108870
107796
107048
108754
106693
108486
107640
107497
107924
107548
108956
107077
106483
108451
108635
107980
106974
106777
108501
107370
108916
109582
108830
108804
108752
107508
108781
107104
107101
109385
108071
108811
108654
107133
108127
107693
108466
108780
108273
107643
108726
106645
109011
108263
109018
108494
107740
108551
108765
109172
108931
109126
108834
107645
109000
108854
109123
108476
109042
108845
108256
108417
108939
108849
107688
108746
106955
108850
108381
109421
107834
108984
108903
108409
107792
107228
107873
108693
108707
109594
108869
106634
108350
106900
108562
108595
107386
107551
108852
109180
108627
108952
108649
107362
107569
)
;
flipMap         List<bool> 333{true};
}

waterWallPiston
{
    type faceZone;
faceLabels      List<label> 
2012
(
101529
102956
104700
104571
104674
104763
104709
104880
102206
104655
91168
58856
95463
104282
86978
96417
103276
88705
100179
79865
78351
104684
72231
100899
75467
70636
103764
92911
101337
104841
104186
103331
57754
75477
89121
83984
66734
32881
93394
101398
102986
103733
101626
104419
104775
103140
103997
102277
79667
93768
104826
104227
104521
103526
78264
96008
96034
100432
51539
57406
31370
102928
104686
79531
65425
104191
31459
99436
101321
103215
103173
104846
100897
104413
98697
61802
104237
71660
80936
104667
104749
90742
94013
104430
101324
102105
104398
104423
104532
103119
99093
92456
104752
100728
79572
102212
83065
99953
89538
98784
77409
92787
80250
90832
101759
79945
103963
78750
104992
101804
96097
67665
96244
100434
91962
101748
47647
96626
77089
60387
92721
69391
103674
100638
96250
80194
101024
57824
76230
40038
87404
79800
100226
89838
101414
104241
63679
100774
75336
100419
44632
93899
95521
104630
68116
99635
66234
102319
59491
101462
105856
87826
102391
73553
104300
103087
103287
86679
72786
73107
68890
45196
100337
76681
38279
65312
102764
72819
104760
104837
104764
101769
104595
97780
104640
79751
104711
84233
104733
92590
104734
96385
104683
104577
104725
91847
104742
105116
104656
84545
104703
93283
104696
71097
104642
101490
104791
85714
104679
104079
104636
76271
104653
104203
104643
76811
104688
72695
104582
80416
104581
75981
104687
103259
104644
77568
104654
79474
104638
103226
104743
84808
104845
93877
104761
98986
104750
95210
104828
96756
104754
100486
104829
91432
104707
91382
104783
94842
104824
98983
104857
103241
104784
100147
104823
104323
104844
103947
104856
104501
104723
98835
103930
81496
95891
88341
104336
88316
91593
103614
86716
100622
104155
71292
72304
71645
89705
104587
104719
85160
99531
104524
103001
99429
89550
103948
83045
63855
103857
104594
101659
101166
87333
104022
103744
97685
71335
98330
104299
100352
100213
66583
65158
83028
67079
97412
98140
104634
83029
94079
50816
25289
102688
54720
29602
13129
102298
87604
104677
104600
65056
80507
74073
103181
90693
84107
101763
97784
68672
34523
101380
104690
104346
104295
104094
104448
90433
103953
100059
75823
18862
106426
104472
74358
90854
102289
102586
103676
101811
104167
102614
97944
103887
104695
77797
104756
104717
87010
104702
49769
64029
94669
94473
85200
103969
104028
104010
93229
46624
102110
103923
102455
101740
104427
93856
87079
104586
104165
104820
103800
96903
104538
96926
53469
88621
99587
93667
81817
106292
96050
104179
104588
99975
99287
94641
99885
97843
48174
65466
60805
94094
78600
101815
99928
101500
104035
75008
100871
91644
102829
104206
89610
100413
105180
103475
21333
103958
104320
104646
103924
90441
100843
93738
94011
75322
94062
103601
100085
30657
93123
41689
72009
91943
47123
99896
96983
74839
38134
65674
83460
43600
66444
92079
76197
96845
100576
97235
62879
81140
94687
98540
105438
86212
104565
98813
99565
101728
101107
97167
75526
45424
35159
88084
104183
90601
95441
30761
75794
102450
79779
100379
74787
103020
101147
79393
101998
93744
45464
53991
99205
73620
78793
85549
100793
54187
49176
106307
97503
104215
83097
91363
36556
104156
68520
81158
103229
68172
102293
83685
95783
73956
103845
97568
91606
100710
103900
76839
92367
104341
103135
66022
89660
95758
84034
102998
100993
94995
98392
95766
90894
43394
52414
98710
25107
70750
62376
5022
105784
73948
71267
68370
68032
100142
86081
79026
12769
63732
101455
86744
56984
52850
1993
87388
80200
105911
25514
97367
102082
70144
90608
68789
94652
103813
102693
92458
35592
23701
68797
48128
32865
91303
100521
96941
103137
36087
80025
42264
101278
103706
70451
52992
76992
100350
73643
21733
86316
56284
82581
54071
97466
99294
72627
92025
83568
76664
87230
43981
67646
56613
97352
101189
67743
101905
75353
62611
28601
70076
42890
85518
103760
23317
80705
98200
40265
69756
83368
83171
103178
60446
73642
10765
85105
103067
87413
97681
100544
78067
62026
103985
60950
73299
95820
95192
104287
104104
96100
91388
102739
93594
103685
71352
86225
100910
97431
101627
100597
101000
103432
81309
104566
99509
86112
98213
89947
103420
104441
34226
76645
98603
85975
41382
67114
84082
103353
83259
93268
96402
67320
102529
106406
103823
75015
101155
39001
38231
98759
32110
100941
16690
37223
92630
38803
48380
96590
82917
79714
63491
102261
42165
101580
39414
56478
91244
103057
98487
106222
90744
105829
58406
29955
83035
103245
84880
96576
104204
87505
97550
42053
104964
103542
99425
70025
103052
103539
97945
61834
103568
102522
65541
67209
30553
105534
85690
93481
71414
73907
93542
102471
102201
82737
80549
84593
96936
103716
93099
101790
71667
100444
96234
104157
86731
105127
103531
64630
87424
102929
103390
92077
100052
98652
100599
73877
83920
104065
100719
86961
78932
97136
95235
69147
104115
92867
104000
86901
99737
40578
81053
11080
83490
103122
48442
30782
79736
87015
101534
74544
86916
101937
99259
104033
75667
68995
96986
103365
92986
104062
78782
73823
76717
103564
72545
84137
97368
100414
85934
101836
97106
46538
52475
83715
32779
90521
103558
76655
100054
93529
103801
103708
106359
72123
31644
86208
97288
94405
103838
82476
65981
103293
87044
50909
101602
57902
63426
86879
103904
64482
90582
100250
105387
93932
81845
104502
41832
41083
102920
80796
103164
104471
41598
103868
102457
65928
32084
73932
93552
102174
73967
58623
103189
87272
100322
96041
103822
85618
101008
103592
103681
102500
104145
100601
92654
104473
88370
94066
103610
103735
101966
104181
3383
95030
71558
70472
59875
65161
99848
84019
29331
103376
92779
103421
74855
103203
98492
94674
96888
11782
86982
103441
102910
70875
25044
94998
100493
103489
103483
103480
105972
52762
86791
87168
42982
79871
68505
99171
104618
104375
60853
88758
54120
64102
103515
83860
99957
104796
101886
90185
103034
105635
83759
102722
103883
79351
105173
68072
88214
1650
53796
70745
70086
100609
103646
84860
100418
104197
101614
87578
25541
94027
58364
70136
99468
88125
94811
98886
90158
43087
61709
22051
105460
100618
104307
91464
93483
101800
79386
92803
57215
91220
104152
84721
60243
99470
98178
101151
95601
89369
57468
66025
70446
103524
28909
88173
39270
83844
104290
103487
93945
102551
104263
102706
102193
100280
80868
64214
101264
68977
83605
101456
49249
102674
104005
89717
54837
97343
104289
102540
100267
96814
99368
82057
100960
105843
36280
62446
103967
77712
86159
27761
46799
65554
65328
63582
93431
99388
80774
86944
103654
99959
102019
99891
62083
33261
96247
91018
64503
95525
103989
104535
94728
103054
89645
98052
103183
70894
33892
52351
98842
97993
101420
83805
24002
92153
61267
82583
103903
93620
79014
22001
89530
29859
100468
92225
102742
52321
103802
76766
86456
102485
81047
21037
74250
105792
65390
85952
92159
80650
38844
54168
63439
50551
51042
103105
103319
106398
103938
60807
106345
101258
91441
104092
94489
96878
104316
104114
77331
37561
102778
66030
74859
62154
93677
102153
85718
98197
28006
55352
90569
97359
81580
91106
72508
73795
99786
95801
89177
87322
104081
93289
103834
89421
90634
100323
98737
97854
94968
80278
103584
106014
101819
85723
95537
85546
104354
60509
56764
104068
101976
75574
102257
95063
88597
102794
94925
89779
50964
82873
76048
93248
57116
51018
82083
100302
56484
104609
76080
92233
103478
103534
101889
90145
68964
55618
21271
101523
104146
101861
45696
100994
99298
74982
103629
82919
24123
76772
42927
98035
81569
103100
93619
43426
72114
89913
75975
22149
82355
64078
78115
47350
103282
105586
49133
48417
58450
104223
104335
104379
99683
94876
80276
104484
102621
88175
92712
75219
101383
69055
89566
102649
103890
103778
105917
98089
100476
40062
96808
104002
87800
96977
104432
103243
95706
82920
88954
102629
98879
89619
21035
60449
70581
27485
33129
52611
71372
87831
106207
97934
80681
99823
97271
104462
103452
60658
68169
41208
92603
96862
104267
103085
76447
103124
99415
78392
105149
104158
103150
94561
102275
99845
103831
62172
102954
104169
73556
87216
36861
104497
68801
96947
79868
105897
104541
101335
96652
95136
96188
97463
40489
91411
86965
93937
74285
94496
105812
35997
61223
32661
70331
38972
95165
103631
103107
71531
103859
64107
102824
87754
97255
76147
98039
85759
104818
101333
102890
96445
95975
103651
96513
101755
89389
99749
102618
48338
53020
99766
105648
92444
103578
57125
54912
103746
53537
84166
94266
101509
103388
80127
86566
93457
74918
90464
97528
103157
85751
88453
104580
103091
103192
104658
96032
95750
81757
79353
101376
94250
98485
92416
90132
90616
82790
8222
70350
103737
104122
103751
92688
101842
80875
66719
105233
44614
89510
90773
104292
80856
30327
82033
67998
72154
104384
94382
87291
104297
34266
21786
89467
87609
82276
67831
59427
21437
7675
101110
66364
102859
72843
52630
71704
82228
96329
104347
94337
83453
104621
103652
69962
79445
59529
104431
103879
28301
102971
103816
55385
74455
98444
51440
100430
103022
60266
36674
106063
97228
76557
12316
96170
101947
102021
93057
78593
82989
88791
54198
61828
96753
83721
54301
33571
87579
63893
80477
103431
100778
93451
89397
90680
104259
100851
101932
68457
87984
87769
88835
90932
106343
81151
102221
101385
96855
66155
105054
72914
102438
61949
78082
63837
103877
91497
101452
104446
105019
71450
104108
9675
99422
79087
98094
99457
81412
18162
57146
43818
77249
91832
93073
102855
95600
37610
96884
104212
104817
103361
64619
99031
104301
103314
89152
95968
58786
88943
88252
79372
97986
85660
93276
104337
104054
103501
45375
104207
106377
64874
99865
102224
104765
93507
101043
104380
100382
101040
86382
100680
74958
69531
99541
103659
102671
83340
93059
104865
104496
94532
81297
99914
101059
104315
103855
103875
103321
104732
104699
97899
88532
102758
30434
74211
53839
84952
26343
93093
103460
60697
25477
66129
74556
94388
71114
102073
66015
65064
55182
79339
104590
104731
104443
104635
88237
102396
103820
74692
70354
104547
102126
95278
101404
21595
83678
87725
100974
74284
90543
70269
83941
97719
44495
41937
100423
102842
104491
104568
102356
94145
83263
103003
103518
103975
95330
103950
76791
98758
29381
84037
102610
42740
103541
102060
104003
93908
92222
104216
99306
37012
84469
103663
99912
62067
101636
95086
104647
65643
101577
102622
103908
96152
92730
35361
83041
99132
51534
88184
99446
98639
102807
34566
94114
106219
72335
99165
103672
43695
80570
91083
101433
102785
28881
100724
101582
32178
79210
103249
47832
86143
104074
96800
103385
102230
103498
64585
74147
102837
102792
104172
84639
102086
92762
98204
56006
99651
104326
65723
102988
102034
96820
104591
99670
97293
85102
75747
104748
104553
102588
104286
103270
104439
103955
104578
104518
106417
103275
39765
7401
101775
39264
66097
72811
104117
72936
104751
104466
93823
104605
63050
103080
84302
62921
69053
103742
100386
31076
69784
104304
101845
99063
104601
81624
87988
97746
84189
102665
100705
60171
85427
98408
97820
102037
100564
51635
102514
8459
67206
106002
76069
78472
95761
99483
103704
79612
64996
104782
26111
56541
70111
43325
86540
94718
81517
98230
104461
104767
65342
104434
92089
76006
62741
74489
61234
69679
87435
1908
103626
74324
79173
101833
104550
100011
19609
96568
63779
74993
82297
69313
69329
75398
70736
38274
104806
104468
102524
81153
104515
98152
99023
95275
43584
97313
51149
102163
105271
104574
95353
70813
102537
13600
104106
26046
100509
103643
104572
76401
78821
79503
93061
104627
104890
103851
101618
96924
104235
55585
33851
65703
74561
103042
17761
73791
96599
99131
85494
83803
53890
104338
87907
100606
102394
88105
42434
90795
89026
104141
98061
89405
101921
98769
98325
98675
92502
104481
101692
1692
85194
99248
87893
99424
100535
82808
104415
89480
83902
104444
102766
101475
97958
104246
101418
105584
95966
102146
73459
83672
93820
104525
102169
99731
102959
88817
56038
100983
72417
103041
103945
99621
89512
98824
104766
94867
56933
86480
98350
91321
100006
41814
58045
96558
101271
87884
96738
104631
32146
86502
101705
96129
101023
61014
61318
104308
98468
102461
34320
84605
102151
105571
90319
48598
95333
36039
77289
102491
101824
99262
103971
86073
105536
102913
94544
64355
26518
69079
90850
62185
35141
100339
104449
66353
46348
102170
93499
76904
103762
75697
98619
94407
100158
105959
89147
104433
100977
94245
61494
103175
42720
104486
105371
95039
103202
96682
100701
100450
99191
76907
88038
93091
106296
89327
71979
81535
94888
4385
57888
93780
100675
103341
30151
102262
97191
16012
92678
93392
91396
104086
100614
91191
85047
40475
103682
98223
61757
101664
59548
63578
62510
37182
103116
98507
99442
101340
76279
103532
99309
100259
52199
101287
53260
97616
39521
88446
91699
58778
105996
43846
104622
87619
56808
103906
104534
104243
102569
103809
79567
98667
98930
83073
102703
91053
103661
102274
78768
104395
89595
15292
104657
90974
103964
101228
103355
99097
90983
102518
103840
104367
103984
91737
103083
75083
62010
101654
75462
104350
104479
95868
102658
100725
14912
11927
80862
96770
38950
101494
96036
97857
80184
78722
88799
98605
)
;
flipMap         List<bool> 2012{true};
}
)

// ************************************************************************* //
