/*--------------------------------*- C++ -*----------------------------------*\
  =========                 |
  \\      /  F ield         | OpenFOAM: The Open Source CFD Toolbox
   \\    /   O peration     | Website:  https://openfoam.org
    \\  /    A nd           | Version:  dev
     \\/     M anipulation  |
\*---------------------------------------------------------------------------*/
FoamFile
{
    format      ascii;
    class       faceZoneList;
    location    "constant/piston/polyMesh";
    object      faceZones;
}
// * * * * * * * * * * * * * * * * * * * * * * * * * * * * * * * * * * * * * //

5
(
waterWallShower
{
    type faceZone;
faceLabels      List<label> 0();
flipMap         List<bool> 0();
}

showerInnerWall
{
    type faceZone;
faceLabels      List<label> 0();
flipMap         List<bool> 0();
}

waterOutlet
{
    type faceZone;
faceLabels      List<label> 0();
flipMap         List<bool> 0();
}

showerInlet
{
    type faceZone;
faceLabels      List<label> 0();
flipMap         List<bool> 0();
}

waterWallPiston
{
    type faceZone;
faceLabels      List<label> 
2012
(
114612
114613
114614
114615
114616
114617
114618
114619
114620
114621
114622
114623
114624
114625
114626
114627
114628
114629
114630
114631
114632
114633
114634
114635
114636
114637
114638
114639
114640
114641
114642
114643
114644
114645
114646
114647
114648
114649
114650
114651
114652
114653
114654
114655
114656
114657
114658
114659
114660
114661
114662
114663
114664
114665
114666
114667
114668
114669
114670
114671
114672
114673
114674
114675
114676
114677
114678
114679
114680
114681
114682
114683
114684
114685
114686
114687
114688
114689
114690
114691
114692
114693
114694
114695
114696
114697
114698
114699
114700
114701
114702
114703
114704
114705
114706
114707
114708
114709
114710
114711
114712
114713
114714
114715
114716
114717
114718
114719
114720
114721
114722
114723
114724
114725
114726
114727
114728
114729
114730
114731
114732
114733
114734
114735
114736
114737
114738
114739
114740
114741
114742
114743
114744
114745
114746
114747
114748
114749
114750
114751
114752
114753
114754
114755
114756
114757
114758
114759
114760
114761
114762
114763
114764
114765
114766
114767
114768
114769
114770
114771
114772
114773
114774
114775
114776
114777
114778
114779
114780
114781
114782
114783
114784
114785
114786
114787
114788
114789
114790
114791
114792
114793
114794
114795
114796
114797
114798
114799
114800
114801
114802
114803
114804
114805
114806
114807
114808
114809
114810
114811
114812
114813
114814
114815
114816
114817
114818
114819
114820
114821
114822
114823
114824
114825
114826
114827
114828
114829
114830
114831
114832
114833
114834
114835
114836
114837
114838
114839
114840
114841
114842
114843
114844
114845
114846
114847
114848
114849
114850
114851
114852
114853
114854
114855
114856
114857
114858
114859
114860
114861
114862
114863
114864
114865
114866
114867
114868
114869
114870
114871
114872
114873
114874
114875
114876
114877
114878
114879
114880
114881
114882
114883
114884
114885
114886
114887
114888
114889
114890
114891
114892
114893
114894
114895
114896
114897
114898
114899
114900
114901
114902
114903
114904
114905
114906
114907
114908
114909
114910
114911
114912
114913
114914
114915
114916
114917
114918
114919
114920
114921
114922
114923
114924
114925
114926
114927
114928
114929
114930
114931
114932
114933
114934
114935
114936
114937
114938
114939
114940
114941
114942
114943
114944
114945
114946
114947
114948
114949
114950
114951
114952
114953
114954
114955
114956
114957
114958
114959
114960
114961
114962
114963
114964
114965
114966
114967
114968
114969
114970
114971
114972
114973
114974
114975
114976
114977
114978
114979
114980
114981
114982
114983
114984
114985
114986
114987
114988
114989
114990
114991
114992
114993
114994
114995
114996
114997
114998
114999
115000
115001
115002
115003
115004
115005
115006
115007
115008
115009
115010
115011
115012
115013
115014
115015
115016
115017
115018
115019
115020
115021
115022
115023
115024
115025
115026
115027
115028
115029
115030
115031
115032
115033
115034
115035
115036
115037
115038
115039
115040
115041
115042
115043
115044
115045
115046
115047
115048
115049
115050
115051
115052
115053
115054
115055
115056
115057
115058
115059
115060
115061
115062
115063
115064
115065
115066
115067
115068
115069
115070
115071
115072
115073
115074
115075
115076
115077
115078
115079
115080
115081
115082
115083
115084
115085
115086
115087
115088
115089
115090
115091
115092
115093
115094
115095
115096
115097
115098
115099
115100
115101
115102
115103
115104
115105
115106
115107
115108
115109
115110
115111
115112
115113
115114
115115
115116
115117
115118
115119
115120
115121
115122
115123
115124
115125
115126
115127
115128
115129
115130
115131
115132
115133
115134
115135
115136
115137
115138
115139
115140
115141
115142
115143
115144
115145
115146
115147
115148
115149
115150
115151
115152
115153
115154
115155
115156
115157
115158
115159
115160
115161
115162
115163
115164
115165
115166
115167
115168
115169
115170
115171
115172
115173
115174
115175
115176
115177
115178
115179
115180
115181
115182
115183
115184
115185
115186
115187
115188
115189
115190
115191
115192
115193
115194
115195
115196
115197
115198
115199
115200
115201
115202
115203
115204
115205
115206
115207
115208
115209
115210
115211
115212
115213
115214
115215
115216
115217
115218
115219
115220
115221
115222
115223
115224
115225
115226
115227
115228
115229
115230
115231
115232
115233
115234
115235
115236
115237
115238
115239
115240
115241
115242
115243
115244
115245
115246
115247
115248
115249
115250
115251
115252
115253
115254
115255
115256
115257
115258
115259
115260
115261
115262
115263
115264
115265
115266
115267
115268
115269
115270
115271
115272
115273
115274
115275
115276
115277
115278
115279
115280
115281
115282
115283
115284
115285
115286
115287
115288
115289
115290
115291
115292
115293
115294
115295
115296
115297
115298
115299
115300
115301
115302
115303
115304
115305
115306
115307
115308
115309
115310
115311
115312
115313
115314
115315
115316
115317
115318
115319
115320
115321
115322
115323
115324
115325
115326
115327
115328
115329
115330
115331
115332
115333
115334
115335
115336
115337
115338
115339
115340
115341
115342
115343
115344
115345
115346
115347
115348
115349
115350
115351
115352
115353
115354
115355
115356
115357
115358
115359
115360
115361
115362
115363
115364
115365
115366
115367
115368
115369
115370
115371
115372
115373
115374
115375
115376
115377
115378
115379
115380
115381
115382
115383
115384
115385
115386
115387
115388
115389
115390
115391
115392
115393
115394
115395
115396
115397
115398
115399
115400
115401
115402
115403
115404
115405
115406
115407
115408
115409
115410
115411
115412
115413
115414
115415
115416
115417
115418
115419
115420
115421
115422
115423
115424
115425
115426
115427
115428
115429
115430
115431
115432
115433
115434
115435
115436
115437
115438
115439
115440
115441
115442
115443
115444
115445
115446
115447
115448
115449
115450
115451
115452
115453
115454
115455
115456
115457
115458
115459
115460
115461
115462
115463
115464
115465
115466
115467
115468
115469
115470
115471
115472
115473
115474
115475
115476
115477
115478
115479
115480
115481
115482
115483
115484
115485
115486
115487
115488
115489
115490
115491
115492
115493
115494
115495
115496
115497
115498
115499
115500
115501
115502
115503
115504
115505
115506
115507
115508
115509
115510
115511
115512
115513
115514
115515
115516
115517
115518
115519
115520
115521
115522
115523
115524
115525
115526
115527
115528
115529
115530
115531
115532
115533
115534
115535
115536
115537
115538
115539
115540
115541
115542
115543
115544
115545
115546
115547
115548
115549
115550
115551
115552
115553
115554
115555
115556
115557
115558
115559
115560
115561
115562
115563
115564
115565
115566
115567
115568
115569
115570
115571
115572
115573
115574
115575
115576
115577
115578
115579
115580
115581
115582
115583
115584
115585
115586
115587
115588
115589
115590
115591
115592
115593
115594
115595
115596
115597
115598
115599
115600
115601
115602
115603
115604
115605
115606
115607
115608
115609
115610
115611
115612
115613
115614
115615
115616
115617
115618
115619
115620
115621
115622
115623
115624
115625
115626
115627
115628
115629
115630
115631
115632
115633
115634
115635
115636
115637
115638
115639
115640
115641
115642
115643
115644
115645
115646
115647
115648
115649
115650
115651
115652
115653
115654
115655
115656
115657
115658
115659
115660
115661
115662
115663
115664
115665
115666
115667
115668
115669
115670
115671
115672
115673
115674
115675
115676
115677
115678
115679
115680
115681
115682
115683
115684
115685
115686
115687
115688
115689
115690
115691
115692
115693
115694
115695
115696
115697
115698
115699
115700
115701
115702
115703
115704
115705
115706
115707
115708
115709
115710
115711
115712
115713
115714
115715
115716
115717
115718
115719
115720
115721
115722
115723
115724
115725
115726
115727
115728
115729
115730
115731
115732
115733
115734
115735
115736
115737
115738
115739
115740
115741
115742
115743
115744
115745
115746
115747
115748
115749
115750
115751
115752
115753
115754
115755
115756
115757
115758
115759
115760
115761
115762
115763
115764
115765
115766
115767
115768
115769
115770
115771
115772
115773
115774
115775
115776
115777
115778
115779
115780
115781
115782
115783
115784
115785
115786
115787
115788
115789
115790
115791
115792
115793
115794
115795
115796
115797
115798
115799
115800
115801
115802
115803
115804
115805
115806
115807
115808
115809
115810
115811
115812
115813
115814
115815
115816
115817
115818
115819
115820
115821
115822
115823
115824
115825
115826
115827
115828
115829
115830
115831
115832
115833
115834
115835
115836
115837
115838
115839
115840
115841
115842
115843
115844
115845
115846
115847
115848
115849
115850
115851
115852
115853
115854
115855
115856
115857
115858
115859
115860
115861
115862
115863
115864
115865
115866
115867
115868
115869
115870
115871
115872
115873
115874
115875
115876
115877
115878
115879
115880
115881
115882
115883
115884
115885
115886
115887
115888
115889
115890
115891
115892
115893
115894
115895
115896
115897
115898
115899
115900
115901
115902
115903
115904
115905
115906
115907
115908
115909
115910
115911
115912
115913
115914
115915
115916
115917
115918
115919
115920
115921
115922
115923
115924
115925
115926
115927
115928
115929
115930
115931
115932
115933
115934
115935
115936
115937
115938
115939
115940
115941
115942
115943
115944
115945
115946
115947
115948
115949
115950
115951
115952
115953
115954
115955
115956
115957
115958
115959
115960
115961
115962
115963
115964
115965
115966
115967
115968
115969
115970
115971
115972
115973
115974
115975
115976
115977
115978
115979
115980
115981
115982
115983
115984
115985
115986
115987
115988
115989
115990
115991
115992
115993
115994
115995
115996
115997
115998
115999
116000
116001
116002
116003
116004
116005
116006
116007
116008
116009
116010
116011
116012
116013
116014
116015
116016
116017
116018
116019
116020
116021
116022
116023
116024
116025
116026
116027
116028
116029
116030
116031
116032
116033
116034
116035
116036
116037
116038
116039
116040
116041
116042
116043
116044
116045
116046
116047
116048
116049
116050
116051
116052
116053
116054
116055
116056
116057
116058
116059
116060
116061
116062
116063
116064
116065
116066
116067
116068
116069
116070
116071
116072
116073
116074
116075
116076
116077
116078
116079
116080
116081
116082
116083
116084
116085
116086
116087
116088
116089
116090
116091
116092
116093
116094
116095
116096
116097
116098
116099
116100
116101
116102
116103
116104
116105
116106
116107
116108
116109
116110
116111
116112
116113
116114
116115
116116
116117
116118
116119
116120
116121
116122
116123
116124
116125
116126
116127
116128
116129
116130
116131
116132
116133
116134
116135
116136
116137
116138
116139
116140
116141
116142
116143
116144
116145
116146
116147
116148
116149
116150
116151
116152
116153
116154
116155
116156
116157
116158
116159
116160
116161
116162
116163
116164
116165
116166
116167
116168
116169
116170
116171
116172
116173
116174
116175
116176
116177
116178
116179
116180
116181
116182
116183
116184
116185
116186
116187
116188
116189
116190
116191
116192
116193
116194
116195
116196
116197
116198
116199
116200
116201
116202
116203
116204
116205
116206
116207
116208
116209
116210
116211
116212
116213
116214
116215
116216
116217
116218
116219
116220
116221
116222
116223
116224
116225
116226
116227
116228
116229
116230
116231
116232
116233
116234
116235
116236
116237
116238
116239
116240
116241
116242
116243
116244
116245
116246
116247
116248
116249
116250
116251
116252
116253
116254
116255
116256
116257
116258
116259
116260
116261
116262
116263
116264
116265
116266
116267
116268
116269
116270
116271
116272
116273
116274
116275
116276
116277
116278
116279
116280
116281
116282
116283
116284
116285
116286
116287
116288
116289
116290
116291
116292
116293
116294
116295
116296
116297
116298
116299
116300
116301
116302
116303
116304
116305
116306
116307
116308
116309
116310
116311
116312
116313
116314
116315
116316
116317
116318
116319
116320
116321
116322
116323
116324
116325
116326
116327
116328
116329
116330
116331
116332
116333
116334
116335
116336
116337
116338
116339
116340
116341
116342
116343
116344
116345
116346
116347
116348
116349
116350
116351
116352
116353
116354
116355
116356
116357
116358
116359
116360
116361
116362
116363
116364
116365
116366
116367
116368
116369
116370
116371
116372
116373
116374
116375
116376
116377
116378
116379
116380
116381
116382
116383
116384
116385
116386
116387
116388
116389
116390
116391
116392
116393
116394
116395
116396
116397
116398
116399
116400
116401
116402
116403
116404
116405
116406
116407
116408
116409
116410
116411
116412
116413
116414
116415
116416
116417
116418
116419
116420
116421
116422
116423
116424
116425
116426
116427
116428
116429
116430
116431
116432
116433
116434
116435
116436
116437
116438
116439
116440
116441
116442
116443
116444
116445
116446
116447
116448
116449
116450
116451
116452
116453
116454
116455
116456
116457
116458
116459
116460
116461
116462
116463
116464
116465
116466
116467
116468
116469
116470
116471
116472
116473
116474
116475
116476
116477
116478
116479
116480
116481
116482
116483
116484
116485
116486
116487
116488
116489
116490
116491
116492
116493
116494
116495
116496
116497
116498
116499
116500
116501
116502
116503
116504
116505
116506
116507
116508
116509
116510
116511
116512
116513
116514
116515
116516
116517
116518
116519
116520
116521
116522
116523
116524
116525
116526
116527
116528
116529
116530
116531
116532
116533
116534
116535
116536
116537
116538
116539
116540
116541
116542
116543
116544
116545
116546
116547
116548
116549
116550
116551
116552
116553
116554
116555
116556
116557
116558
116559
116560
116561
116562
116563
116564
116565
116566
116567
116568
116569
116570
116571
116572
116573
116574
116575
116576
116577
116578
116579
116580
116581
116582
116583
116584
116585
116586
116587
116588
116589
116590
116591
116592
116593
116594
116595
116596
116597
116598
116599
116600
116601
116602
116603
116604
116605
116606
116607
116608
116609
116610
116611
116612
116613
116614
116615
116616
116617
116618
116619
116620
116621
116622
116623
)
;
flipMap         List<bool> 2012{true};
}
)

// ************************************************************************* //
