/*--------------------------------*- C++ -*----------------------------------*\
  =========                 |
  \\      /  F ield         | OpenFOAM: The Open Source CFD Toolbox
   \\    /   O peration     | Website:  https://openfoam.org
    \\  /    A nd           | Version:  dev
     \\/     M anipulation  |
\*---------------------------------------------------------------------------*/
FoamFile
{
    format      ascii;
    class       labelList;
    location    "constant/shower/polyMesh";
    object      faceRegionAddressing;
}
// * * * * * * * * * * * * * * * * * * * * * * * * * * * * * * * * * * * * * //


3903
(
106445
106446
106449
106450
106453
106454
106456
106457
106460
106461
106464
106465
106467
106468
106469
106470
106471
106472
106473
106474
106475
106476
106477
106478
106479
106480
106481
106482
106483
106485
106486
106488
106489
106491
106492
106493
106494
106495
106496
106497
106498
106499
106500
106501
106502
106503
106504
106505
106506
106507
106508
106509
106510
106512
106513
106514
106515
106516
106517
106519
106520
106521
106522
106523
106524
106525
106526
106527
106528
106530
106531
106532
106533
106534
106536
106537
106538
106539
106540
106541
106543
106544
106546
106547
106548
106550
106551
106552
106553
106554
106555
106556
106557
106558
106559
106560
106561
106562
106563
106564
106565
106566
106567
106568
106569
106571
106572
106573
106574
106575
106576
106578
106579
106580
106581
106582
106584
106585
106586
106588
106589
106590
106591
106592
106593
106594
106595
106596
106597
106598
106599
106600
106601
106602
106603
106604
106606
106607
106608
106609
106610
106611
106612
106613
106614
106615
106616
106617
106618
106619
106620
106622
106623
106624
106626
106627
106628
106629
106630
106631
106632
106633
106634
106636
106637
106638
106639
106640
106641
106642
106643
106644
106645
106647
106648
106649
106650
106651
106652
106653
106655
106656
106657
106658
106659
106660
106661
106662
106663
106664
106665
106666
106667
106668
106669
106670
106671
106673
106674
106676
106677
106678
106679
106680
106681
106682
106683
106684
106685
106686
106687
106688
106689
106690
106691
106692
106693
106695
106696
106697
106698
106699
106700
106701
106702
106703
106704
106705
106706
106707
106708
106709
106710
106711
106712
106713
106714
106715
106716
106717
106718
106720
106721
106722
106723
106724
106725
106726
106727
106728
106729
106730
106731
106732
106733
106734
106736
106737
106738
106739
106740
106742
106743
106744
106745
106746
106747
106748
106749
106750
106751
106752
106753
106754
106755
106756
106757
106758
106759
106760
106761
106762
106763
106764
106765
106766
106767
106768
106769
106770
106771
106772
106773
106774
106775
106776
106777
106779
106780
106781
106782
106783
106784
106785
106786
106787
106788
106789
106790
106791
106792
106793
106794
106795
106796
106797
106798
106799
106801
106802
106803
106804
106806
106807
106808
106809
106810
106811
106812
106813
106814
106815
106816
106817
106818
106819
106821
106822
106823
106824
106825
106826
106828
106829
106831
106832
106833
106834
106835
106836
106838
106839
106840
106841
106842
106844
106845
106846
106847
106848
106850
106851
106852
106853
106854
106855
106856
106857
106858
106859
106860
106861
106862
106863
106864
106865
106866
106867
106868
106869
106870
106871
106872
106873
106874
106875
106876
106877
106878
106879
106880
106881
106882
106883
106884
106885
106886
106887
106888
106889
106890
106891
106892
106893
106894
106895
106896
106897
106898
106899
106900
106902
106903
106904
106905
106906
106907
106908
106910
106911
106912
106914
106915
106916
106917
106918
106920
106921
106922
106923
106924
106925
106926
106927
106928
106929
106930
106931
106932
106933
106934
106935
106936
106937
106938
106939
106940
106941
106942
106943
106944
106945
106946
106947
106948
106949
106950
106951
106952
106953
106954
106955
106957
106959
106960
106961
106962
106963
106964
106965
106966
106967
106968
106970
106971
106972
106973
106974
106976
106977
106978
106979
106980
106981
106983
106984
106986
106987
106988
106989
106990
106991
106992
106993
106994
106996
106997
106998
106999
107000
107001
107002
107003
107004
107005
107006
107007
107008
107009
107010
107011
107012
107013
107014
107015
107016
107017
107018
107019
107020
107021
107022
107023
107024
107025
107026
107027
107028
107029
107030
107031
107032
107033
107034
107035
107036
107037
107038
107039
107040
107041
107042
107043
107045
107046
107047
107048
107050
107052
107053
107054
107055
107056
107057
107058
107060
107062
107064
107065
107066
107067
107068
107069
107070
107071
107072
107073
107074
107075
107076
107077
107079
107080
107081
107082
107083
107084
107085
107086
107087
107088
107089
107090
107091
107092
107093
107094
107096
107097
107098
107099
107100
107101
107103
107104
107106
107107
107108
107109
107110
107112
107113
107114
107115
107117
107118
107119
107120
107121
107122
107123
107124
107125
107127
107129
107131
107132
107133
107135
107136
107137
107138
107139
107140
107141
107142
107143
107144
107145
107146
107147
107148
107149
107150
107151
107152
107153
107154
107155
107156
107157
107158
107159
107160
107161
107162
107163
107164
107165
107166
107167
107168
107169
107170
107171
107172
107173
107174
107175
107176
107177
107178
107179
107180
107181
107182
107183
107184
107185
107187
107188
107189
107190
107191
107192
107193
107194
107195
107196
107197
107198
107199
107200
107201
107202
107203
107204
107205
107206
107207
107208
107209
107210
107211
107212
107213
107214
107215
107216
107217
107218
107219
107220
107221
107222
107223
107224
107225
107226
107227
107228
107230
107231
107232
107233
107234
107235
107236
107237
107238
107240
107241
107242
107243
107244
107246
107247
107248
107249
107250
107251
107252
107253
107254
107255
107256
107257
107258
107259
107260
107261
107262
107263
107264
107265
107266
107267
107268
107269
107270
107271
107273
107275
107276
107277
107278
107279
107280
107281
107282
107283
107284
107285
107286
107287
107288
107289
107290
107291
107292
107293
107294
107295
107296
107297
107298
107299
107300
107301
107302
107303
107305
107306
107307
107308
107309
107310
107311
107312
107313
107314
107315
107316
107317
107318
107319
107320
107321
107323
107324
107325
107326
107327
107328
107329
107330
107331
107332
107333
107334
107335
107336
107337
107338
107340
107341
107343
107344
107345
107346
107347
107348
107349
107350
107351
107352
107353
107354
107355
107356
107357
107358
107359
107360
107361
107362
107364
107365
107366
107367
107368
107369
107370
107372
107373
107375
107376
107377
107378
107379
107380
107381
107382
107383
107384
107385
107386
107388
107389
107390
107391
107392
107393
107395
107396
107397
107398
107400
107401
107402
107403
107404
107405
107406
107407
107408
107409
107410
107411
107412
107413
107414
107415
107416
107418
107419
107420
107421
107422
107423
107424
107425
107426
107427
107428
107429
107430
107431
107432
107433
107434
107435
107436
107437
107438
107439
107440
107441
107442
107443
107444
107446
107447
107448
107449
107450
107451
107452
107453
107454
107455
107456
107458
107459
107460
107461
107462
107463
107465
107466
107467
107468
107469
107470
107471
107472
107473
107474
107475
107476
107477
107478
107479
107480
107481
107482
107483
107484
107485
107486
107487
107488
107490
107491
107493
107494
107495
107496
107497
107499
107500
107501
107502
107503
107504
107505
107506
107507
107508
107510
107511
107512
107513
107515
107516
107517
107518
107519
107520
107521
107522
107523
107524
107525
107526
107527
107528
107529
107531
107532
107534
107535
107536
107537
107538
107539
107540
107541
107542
107544
107545
107546
107547
107548
107550
107551
107553
107554
107555
107556
107557
107558
107559
107560
107561
107562
107563
107564
107565
107566
107567
107568
107569
107571
107572
107573
107574
107575
107576
107577
107578
107579
107580
107581
107582
107584
107585
107586
107588
107589
107590
107591
107592
107593
107594
107595
107596
107597
107598
107599
107600
107601
107603
107604
107605
107606
107607
107608
107610
107611
107612
107613
107614
107615
107616
107617
107618
107619
107622
107623
107624
107625
107627
107628
107629
107630
107631
107632
107633
107634
107635
107636
107637
107638
107639
107640
107643
107645
107648
107649
107651
107652
107653
107654
107655
107656
107657
107658
107659
107660
107661
107662
107663
107664
107665
107666
107667
107668
107669
107671
107672
107673
107674
107675
107676
107677
107678
107679
107680
107681
107682
107683
107684
107685
107686
107687
107688
107690
107691
107692
107693
107695
107696
107697
107698
107699
107701
107702
107703
107704
107705
107707
107708
107709
107711
107712
107713
107714
107715
107716
107717
107719
107720
107721
107722
107723
107724
107725
107726
107727
107728
107729
107730
107731
107732
107733
107735
107736
107738
107740
107744
107745
107746
107747
107748
107749
107750
107751
107752
107753
107754
107755
107756
107757
107759
107760
107761
107762
107763
107764
107765
107766
107767
107769
107770
107771
107772
107774
107775
107776
107777
107778
107779
107780
107781
107782
107783
107784
107785
107786
107787
107789
107790
107791
107792
107794
107795
107796
107798
107799
107800
107801
107802
107803
107804
107805
107807
107808
107809
107810
107811
107812
107813
107814
107815
107816
107817
107818
107819
107820
107822
107823
107824
107826
107827
107828
107829
107830
107831
107832
107834
107836
107837
107838
107839
107840
107841
107842
107843
107844
107845
107846
107847
107848
107849
107850
107851
107852
107853
107854
107855
107856
107857
107859
107861
107862
107863
107864
107866
107867
107868
107870
107871
107872
107873
107875
107876
107877
107878
107880
107881
107882
107883
107885
107886
107887
107888
107890
107891
107892
107893
107894
107896
107897
107900
107901
107902
107903
107904
107905
107906
107907
107908
107909
107910
107911
107912
107914
107915
107916
107917
107918
107919
107920
107922
107923
107924
107926
107927
107928
107929
107930
107931
107932
107933
107935
107936
107938
107939
107940
107941
107942
107943
107944
107945
107946
107947
107948
107949
107950
107951
107952
107953
107954
107955
107956
107958
107959
107960
107964
107965
107966
107968
107969
107970
107971
107972
107973
107974
107975
107976
107977
107978
107979
107980
107982
107983
107984
107985
107986
107987
107988
107989
107990
107991
107992
107993
107994
107995
107996
107997
107998
107999
108000
108001
108002
108003
108004
108005
108006
108007
108008
108011
108012
108013
108014
108015
108016
108017
108018
108019
108021
108022
108023
108024
108025
108026
108027
108028
108029
108030
108031
108032
108033
108034
108035
108036
108037
108038
108040
108041
108042
108043
108044
108045
108046
108047
108048
108049
108050
108051
108052
108053
108054
108055
108056
108057
108058
108059
108060
108061
108062
108063
108064
108065
108066
108067
108068
108069
108070
108071
108073
108074
108075
108076
108077
108079
108081
108082
108083
108084
108085
108086
108087
108088
108089
108090
108091
108092
108093
108094
108095
108096
108097
108098
108099
108100
108102
108103
108104
108105
108106
108107
108108
108109
108110
108111
108112
108113
108114
108115
108116
108117
108118
108119
108120
108121
108122
108123
108125
108126
108127
108129
108130
108131
108132
108133
108134
108135
108136
108137
108138
108139
108140
108141
108142
108144
108145
108146
108148
108149
108150
108151
108152
108153
108154
108155
108156
108157
108158
108159
108160
108161
108162
108164
108165
108167
108168
108169
108170
108171
108172
108173
108174
108175
108176
108177
108178
108179
108180
108181
108182
108183
108184
108185
108186
108188
108189
108190
108192
108193
108194
108195
108196
108197
108198
108199
108200
108201
108202
108203
108205
108206
108207
108208
108209
108210
108211
108212
108213
108214
108215
108216
108217
108218
108219
108220
108221
108222
108223
108224
108225
108226
108227
108228
108229
108230
108231
108232
108233
108234
108235
108236
108237
108238
108240
108241
108242
108243
108244
108246
108247
108248
108249
108250
108251
108253
108254
108255
108256
108258
108259
108260
108261
108262
108263
108265
108266
108267
108268
108269
108270
108271
108272
108273
108275
108276
108277
108278
108279
108280
108282
108283
108284
108285
108286
108287
108288
108289
108290
108292
108293
108294
108295
108296
108297
108298
108299
108300
108301
108302
108303
108304
108305
108306
108307
108309
108310
108311
108312
108313
108314
108315
108316
108318
108319
108320
108321
108322
108324
108326
108327
108328
108329
108330
108332
108335
108336
108337
108338
108339
108340
108341
108342
108343
108344
108345
108346
108348
108350
108352
108353
108354
108355
108356
108357
108358
108359
108360
108361
108362
108363
108364
108365
108366
108367
108368
108369
108370
108371
108374
108375
108376
108377
108378
108379
108380
108381
108383
108385
108386
108387
108388
108389
108390
108391
108392
108393
108395
108396
108397
108398
108399
108400
108401
108402
108403
108404
108405
108406
108408
108409
108411
108412
108413
108414
108415
108416
108417
108419
108420
108421
108422
108423
108424
108425
108426
108427
108428
108429
108430
108431
108432
108434
108435
108436
108437
108438
108439
108440
108441
108442
108443
108444
108445
108446
108447
108448
108449
108450
108453
108454
108456
108457
108458
108459
108461
108462
108464
108465
108466
108468
108469
108470
108471
108472
108473
108474
108475
108476
108478
108479
108480
108481
108482
108483
108484
108485
108486
108488
108489
108490
108491
108493
108494
108496
108497
108498
108499
108500
108503
108504
108505
108507
108508
108509
108510
108511
108512
108513
108514
108515
108516
108517
108518
108519
108520
108521
108522
108523
108525
108526
108527
108529
108530
108531
108532
108533
108534
108535
108536
108537
108538
108539
108540
108541
108543
108544
108545
108546
108547
108548
108549
108550
108551
108553
108555
108557
108559
108560
108561
108562
108564
108565
108566
108567
108568
108570
108571
108572
108573
108574
108575
108576
108577
108578
108579
108580
108581
108582
108583
108584
108585
108586
108587
108588
108590
108591
108592
108593
108594
108595
108597
108598
108599
108600
108601
108602
108603
108604
108605
108606
108607
108608
108609
108610
108611
108612
108613
108614
108615
108616
108617
108618
108619
108620
108621
108622
108623
108624
108625
108626
108627
108629
108630
108631
108632
108633
108634
108635
108637
108638
108639
108640
108641
108642
108643
108644
108645
108647
108648
108649
108651
108652
108653
108654
108656
108657
108658
108659
108660
108661
108662
108663
108664
108665
108666
108667
108668
108669
108670
108672
108673
108675
108676
108677
108678
108679
108680
108681
108682
108683
108684
108686
108687
108688
108689
108690
108691
108693
108695
108696
108697
108698
108699
108700
108701
108702
108703
108704
108705
108706
108707
108709
108710
108712
108713
108714
108715
108717
108718
108720
108721
108723
108724
108725
108726
108728
108729
108730
108732
108733
108734
108735
108736
108737
108738
108739
108740
108741
108742
108743
108744
108745
108746
108748
108749
108750
108751
108752
108754
108756
108757
108759
108760
108761
108763
108764
108765
108767
108768
108769
108770
108771
108772
108773
108774
108775
108776
108777
108778
108780
108783
108784
108785
108787
108788
108789
108790
108791
108792
108793
108794
108795
108797
108798
108799
108800
108801
108802
108803
108804
108807
108810
108811
108813
108815
108816
108817
108819
108820
108821
108822
108823
108824
108826
108827
108828
108829
108830
108832
108833
108836
108837
108839
108841
108842
108843
108847
108848
108849
108852
108854
108856
108857
108859
108860
108861
108862
108863
108864
108865
108866
108867
108868
108869
108872
108873
108874
108875
108876
108877
108878
108879
108880
108881
108882
108884
108885
108887
108888
108889
108891
108892
108893
108895
108896
108897
108898
108899
108900
108901
108902
108903
108905
108906
108908
108910
108911
108912
108913
108915
108916
108918
108919
108921
108922
108923
108924
108925
108926
108927
108928
108929
108930
108931
108933
108934
108935
108936
108937
108938
108941
108943
108944
108945
108946
108947
108948
108949
108950
108951
108952
108954
108955
108956
108958
108959
108962
108963
108965
108966
108967
108969
108970
108971
108972
108973
108974
108976
108977
108978
108979
108980
108981
108982
108983
108984
108986
108987
108988
108989
108990
108992
108993
108994
108995
108996
108997
108998
108999
109002
109003
109004
109005
109006
109007
109008
109009
109010
109011
109013
109014
109017
109018
109020
109021
109022
109023
109024
109025
109027
109028
109029
109030
109031
109032
109034
109035
109036
109037
109038
109039
109040
109041
109042
109044
109045
109046
109047
109048
109049
109051
109052
109053
109054
109057
109058
109061
109062
109063
109064
109065
109066
109067
109070
109071
109074
109075
109078
109079
109080
109083
109084
109085
109086
109088
109089
109092
109093
109094
109095
109096
109097
109098
109099
109101
109102
109104
109105
109107
109108
109109
109110
109111
109112
109113
109114
109115
109116
109119
109120
109121
109123
109125
109126
109128
109129
109132
109133
109134
109135
109136
109137
109138
109139
109140
109141
109142
109143
109145
109146
109147
109148
109151
109152
109153
109154
109155
109156
109157
109158
109159
109160
109161
109162
109163
109164
109165
109166
109167
109168
109170
109171
109172
109176
109177
109178
109180
109182
109183
109184
109185
109186
109188
109190
109191
109192
109193
109194
109195
109196
109197
109198
109199
109200
109201
109202
109203
109204
109205
109206
109207
109208
109209
109210
109211
109214
109215
109216
109217
109221
109222
109223
109224
109225
109226
109227
109228
109229
109230
109231
109232
109233
109234
109235
109236
109238
109239
109240
109241
109242
109243
109244
109245
109246
109247
109249
109250
109251
109252
109253
109254
109256
109257
109258
109259
109261
109263
109265
109266
109267
109268
109269
109270
109271
109272
109273
109274
109275
109276
109277
109279
109281
109282
109284
109286
109288
109289
109290
109291
109292
109293
109294
109295
109296
109298
109300
109301
109302
109308
109310
109311
109312
109313
109314
109315
109316
109318
109319
109320
109321
109322
109323
109326
109329
109330
109331
109332
109333
109334
109335
109337
109339
109341
109342
109343
109344
109345
109346
109348
109350
109352
109355
109358
109359
109361
109362
109365
109366
109367
109369
109370
109371
109372
109373
109375
109376
109377
109379
109381
109382
109383
109384
109385
109387
109388
109389
109390
109392
109393
109394
109395
109397
109398
109401
109403
109407
109408
109409
109411
109412
109413
109414
109415
109416
109417
109419
109421
109423
109426
109428
109429
109432
109433
109434
109435
109436
109437
109439
109440
109444
109445
109446
109449
109450
109453
109456
109457
109460
109461
109465
109466
109468
109469
109470
109471
109472
109473
109474
109475
109476
109478
109480
109483
109485
109486
109488
109489
109490
109491
109492
109493
109494
109495
109496
109497
109498
109501
109510
109513
109518
109520
109527
109532
109533
109534
109541
109544
109547
109548
109552
109553
109557
109559
109563
109564
109566
109567
109569
109571
109572
109574
109575
109578
109580
109584
109585
109586
109587
109588
109589
109590
109591
109593
109594
109596
109597
109600
109601
109603
109604
109605
109608
109609
109611
109612
109615
109616
109617
109619
109621
109623
109625
109627
109632
109635
109637
109639
109641
109643
109646
109650
109651
109653
109654
109656
109663
109666
109668
109672
109673
109677
109678
109681
109683
109685
109687
109688
109689
109691
109695
109697
109703
109706
109707
109709
109711
109712
109714
109715
109717
109718
109720
109722
109725
109726
109733
109734
109736
109738
109740
109741
109742
109743
109745
109747
109748
109750
109751
109753
109754
109755
109757
109758
109759
109761
109762
109764
109765
109767
109768
109769
109770
109771
109773
109774
109776
109778
109780
109782
109784
109786
137167
137168
137169
137170
137171
137172
137173
137174
137175
137176
137177
137178
137179
137180
137181
137182
137183
137184
137185
137186
137187
137188
137189
137190
137191
137192
137193
137194
137195
137196
137197
137198
137199
137200
137201
137202
137203
137204
137205
137206
137207
137208
137209
137210
137211
137212
137213
137214
137215
137216
137217
137218
137219
137220
137221
137222
137223
137224
137225
137226
137227
137228
137229
137230
137231
137232
137233
137234
137235
137236
137237
137238
137239
137240
137241
137242
137243
137244
137245
137246
137247
137248
137249
137250
137251
137252
137253
137254
137255
137256
137257
137258
137259
137260
137261
137262
137263
137264
137265
137266
137267
137268
137269
137270
137271
137272
137273
137274
137275
137276
137277
137278
137279
137280
137281
137282
137283
137284
137285
137286
137287
137288
137289
137290
137291
137292
137293
137294
137295
137296
137297
137298
137299
137300
137301
137302
137303
137304
137305
137306
137307
137308
137309
137310
137311
137312
137313
137314
137315
137316
137317
137318
137319
137320
137321
137322
137323
137324
137325
137326
137327
137328
137329
137330
137331
137332
137333
137334
137335
137336
137337
137338
137339
137340
137341
137342
137343
137344
137345
137346
137347
137348
137349
137350
137351
137352
137353
137354
137355
137356
137357
137358
137359
137360
137361
137362
137363
137364
137365
137366
137367
137368
137369
137370
137371
137372
137373
137374
137375
137376
137377
137378
137379
137380
137381
137382
137383
137384
137385
137386
137387
137388
137389
137390
137391
137392
137393
137394
137395
137396
137397
137398
137399
137400
137401
137402
137403
137404
137405
137406
137407
137408
137409
137410
137411
137412
137413
137414
137415
137416
137417
137418
137419
137420
137421
137422
137423
137424
137425
137426
137427
137428
137429
137430
137431
137432
137433
137434
137435
137436
137437
137438
137439
137440
137441
137442
137443
137444
137445
137446
137447
137448
137449
137450
137451
137452
137453
137454
137455
137456
137457
137458
137459
137460
137461
137462
137463
137464
137465
137466
137467
137468
137469
137470
137471
137472
137473
137474
137475
137476
137477
137478
137479
137480
137481
137482
137483
137484
137485
137486
137487
137488
137489
137490
137491
137492
137493
137494
137495
137496
137497
137498
137499
137500
137501
137502
137503
137504
137505
137506
137507
137508
137509
137510
137511
137512
137513
137514
137515
137516
137517
137518
137519
137520
137521
137522
137523
137524
137525
137526
137527
137528
137529
137530
137531
137532
137533
137534
137535
137536
137537
137538
137539
137540
137541
137542
137543
137544
137545
137546
137547
137548
137549
137550
137551
137552
137553
137554
137555
137556
137557
137558
137559
137560
137561
137562
137563
137564
137565
137566
137567
137568
137569
137570
137571
137572
137573
137574
137575
137576
137577
137578
137579
137580
137581
137582
137583
137584
137585
137586
137587
137588
137589
137590
137591
137592
137593
137594
137595
137596
137597
137598
137599
137600
137601
137602
137603
137604
137605
137606
137607
137608
137609
137610
137611
137612
137613
137614
137615
137616
137617
137618
137619
137620
137621
137622
137623
137624
137625
137626
137627
137628
137629
137630
137631
137632
137633
137634
137635
137636
137637
137638
137639
137640
137641
137642
137643
137644
137645
137646
137647
137648
137649
137650
137651
137652
137653
137654
137655
137656
137657
137658
137659
137660
137661
137662
137663
137664
137665
137666
137667
137668
137669
137670
137671
137672
137673
137674
137675
137676
137677
137678
137679
137680
137681
137682
137683
137684
137685
137686
137687
137688
137689
137690
137691
137692
137693
137694
137695
137696
137697
137698
137699
137700
137701
137702
137703
137704
137705
137706
137707
137708
137709
137710
137711
137712
137713
137714
137715
137716
137717
137718
137719
137720
137721
137722
137723
137724
137725
137726
106447
106448
106451
106452
106455
106458
106459
106462
106463
106466
106484
106487
106490
106511
106518
106529
106535
106542
106545
106549
106570
106577
106583
106587
106605
106621
106625
106635
106646
106654
106672
106675
106694
106719
106735
106741
106778
106800
106805
106820
106827
106830
106837
106843
106849
106901
106909
106913
106919
106956
106958
106969
106975
106982
106985
106995
107044
107049
107051
107059
107061
107063
107078
107095
107102
107105
107111
107116
107126
107128
107130
107134
107186
107229
107239
107245
107272
107274
107304
107322
107339
107342
107363
107371
107374
107387
107394
107399
107417
107445
107457
107464
107489
107492
107498
107509
107514
107530
107533
107543
107549
107552
107570
107583
107587
107602
107609
107620
107621
107626
107641
107642
107644
107646
107647
107650
107670
107689
107694
107700
107706
107710
107718
107734
107737
107739
107741
107742
107743
107758
107768
107773
107788
107793
107797
107806
107821
107825
107833
107835
107858
107860
107865
107869
107874
107879
107884
107889
107895
107898
107899
107913
107921
107925
107934
107937
107957
107961
107962
107963
107967
107981
108009
108010
108020
108039
108072
108078
108080
108101
108124
108128
108143
108147
108163
108166
108187
108191
108204
108239
108245
108252
108257
108264
108274
108281
108291
108308
108317
108323
108325
108331
108333
108334
108347
108349
108351
108372
108373
108382
108384
108394
108407
108410
108418
108433
108451
108452
108455
108460
108463
108467
108477
108487
108492
108495
108501
108502
108506
108524
108528
108542
108552
108554
108556
108558
108563
108569
108589
108596
108628
108636
108646
108650
108655
108671
108674
108685
108692
108694
108708
108711
108716
108719
108722
108727
108731
108747
108753
108755
108758
108762
108766
108779
108781
108782
108786
108796
108805
108806
108808
108809
108812
108814
108818
108825
108831
108834
108835
108838
108840
108844
108845
108846
108850
108851
108853
108855
108858
108870
108871
108883
108886
108890
108894
108904
108907
108909
108914
108917
108920
108932
108939
108940
108942
108953
108957
108960
108961
108964
108968
108975
108985
108991
109000
109001
109012
109015
109016
109019
109026
109033
109043
109050
109055
109056
109059
109060
109068
109069
109072
109073
109076
109077
109081
109082
109087
109090
109091
109100
109103
109106
109117
109118
109122
109124
109127
109130
109131
109144
109149
109150
109169
109173
109174
109175
109179
109181
109187
109189
109212
109213
109218
109219
109220
109237
109248
109255
109260
109262
109264
109278
109280
109283
109285
109287
109297
109299
109303
109304
109305
109306
109307
109309
109317
109324
109325
109327
109328
109336
109338
109340
109347
109349
109351
109353
109354
109356
109357
109360
109363
109364
109368
109374
109378
109380
109386
109391
109396
109399
109400
109402
109404
109405
109406
109410
109418
109420
109422
109424
109425
109427
109430
109431
109438
109441
109442
109443
109447
109448
109451
109452
109454
109455
109458
109459
109462
109463
109464
109467
109477
109479
109481
109482
109484
109487
109499
109500
109502
109503
109504
109505
109506
109507
109508
109509
109511
109512
109514
109515
109516
109517
109519
109521
109522
109523
109524
109525
109526
109528
109529
109530
109531
109535
109536
109537
109538
109539
109540
109542
109543
109545
109546
109549
109550
109551
109554
109555
109556
109558
109560
109561
109562
109565
109568
109570
109573
109576
109577
109579
109581
109582
109583
109592
109595
109598
109599
109602
109606
109607
109610
109613
109614
109618
109620
109622
109624
109626
109628
109629
109630
109631
109633
109634
109636
109638
109640
109642
109644
109645
109647
109648
109649
109652
109655
109657
109658
109659
109660
109661
109662
109664
109665
109667
109669
109670
109671
109674
109675
109676
109679
109680
109682
109684
109686
109690
109692
109693
109694
109696
109698
109699
109700
109701
109702
109704
109705
109708
109710
109713
109716
109719
109721
109723
109724
109727
109728
109729
109730
109731
109732
109735
109737
109739
109744
109746
109749
109752
109756
109760
109763
109766
109772
109775
109777
109779
109781
109783
109785
109787
)


// ************************************************************************* //
