/*--------------------------------*- C++ -*----------------------------------*\
  =========                 |
  \\      /  F ield         | OpenFOAM: The Open Source CFD Toolbox
   \\    /   O peration     | Website:  https://openfoam.org
    \\  /    A nd           | Version:  dev
     \\/     M anipulation  |
\*---------------------------------------------------------------------------*/
FoamFile
{
    format      ascii;
    class       faceList;
    location    "constant/shower/polyMesh";
    object      faces;
}
// * * * * * * * * * * * * * * * * * * * * * * * * * * * * * * * * * * * * * //


3903
(
3(172 408 43)
3(172 0 408)
3(183 407 0)
3(183 4 407)
3(382 97 406)
3(382 406 98)
3(198 405 30)
3(198 31 405)
3(205 17 406)
3(205 406 16)
3(359 112 405)
3(359 405 113)
3(447 442 246)
3(447 246 244)
3(244 246 442)
3(447 244 442)
3(246 447 448)
3(246 448 442)
3(518 304 242)
3(518 440 304)
3(518 242 440)
3(242 304 440)
3(248 243 517)
3(510 248 517)
3(510 243 248)
3(510 517 243)
3(268 454 267)
3(275 267 454)
3(268 275 454)
3(251 447 246)
3(251 244 447)
3(304 247 518)
3(247 242 518)
3(435 517 248)
3(435 243 517)
3(435 248 243)
3(510 248 435)
3(438 521 238)
3(438 238 237)
3(237 238 521)
3(438 237 521)
3(299 258 449)
3(299 449 529)
3(258 529 449)
3(299 529 258)
3(233 235 446)
3(533 233 446)
3(533 446 235)
3(533 235 233)
3(448 246 251)
3(448 251 447)
3(314 446 233)
3(314 235 446)
3(238 438 441)
3(521 238 441)
3(304 518 443)
3(304 443 440)
3(249 510 243)
3(249 248 510)
3(307 433 535)
3(307 265 433)
3(307 535 265)
3(265 535 433)
3(306 245 436)
3(306 436 434)
3(245 434 436)
3(306 434 245)
3(299 300 449)
3(258 449 300)
3(455 454 267)
3(455 268 454)
3(455 267 268)
3(84 404 407)
3(2 407 404)
3(307 433 511)
3(535 307 511)
3(444 299 449)
3(529 299 444)
3(238 239 438)
3(237 438 239)
3(306 240 436)
3(245 436 240)
3(79 78 421)
3(220 79 421)
3(220 421 78)
3(243 249 517)
3(510 517 249)
3(247 518 443)
3(247 443 304)
3(450 260 462)
3(260 259 462)
3(450 462 259)
3(450 259 260)
3(473 232 474)
3(232 317 474)
3(473 474 317)
3(473 317 232)
3(309 308 480)
3(481 309 480)
3(481 480 308)
3(481 308 309)
3(446 452 233)
3(533 233 452)
3(307 262 433)
3(265 433 262)
3(437 306 436)
3(434 306 437)
3(260 462 463)
3(260 463 450)
3(254 462 260)
3(254 259 462)
3(454 466 267)
3(454 275 466)
3(275 267 466)
3(309 255 480)
3(255 308 480)
3(236 255 474)
3(234 236 474)
3(234 474 255)
3(494 492 323)
3(323 492 482)
3(494 323 482)
3(474 236 512)
3(236 255 512)
3(474 512 255)
3(512 306 511)
3(512 236 306)
3(512 511 236)
3(306 236 511)
3(238 239 441)
3(239 438 441)
3(234 236 512)
3(474 234 512)
3(354 64 420)
3(64 63 420)
3(354 420 63)
3(474 459 232)
3(473 232 459)
3(444 300 449)
3(444 299 300)
3(437 512 306)
3(437 306 511)
3(456 451 313)
3(457 313 451)
3(456 313 457)
3(480 307 236)
3(480 512 307)
3(480 236 512)
3(236 307 512)
3(401 408 2)
3(401 126 408)
3(263 262 432)
3(262 252 432)
3(263 432 252)
3(446 452 314)
3(233 314 452)
3(287 264 501)
3(264 431 501)
3(287 431 264)
3(287 501 431)
3(343 498 333)
3(303 333 498)
3(343 303 498)
3(313 250 451)
3(456 451 250)
3(456 250 313)
3(267 455 466)
3(286 431 428)
3(286 501 431)
3(286 428 501)
3(276 303 524)
3(348 524 303)
3(348 276 524)
3(263 433 432)
3(262 432 433)
3(263 262 433)
3(512 236 437)
3(236 306 437)
3(232 234 474)
3(234 317 474)
3(243 241 436)
3(439 243 436)
3(439 436 241)
3(439 241 243)
3(439 299 517)
3(439 241 299)
3(299 241 517)
3(439 517 241)
3(475 309 480)
3(481 309 475)
3(241 438 240)
3(241 439 438)
3(241 240 439)
3(240 438 439)
3(256 510 257)
3(249 257 510)
3(256 249 510)
3(239 241 438)
3(240 239 438)
3(463 254 462)
3(463 260 254)
3(307 262 511)
3(433 511 262)
3(472 232 458)
3(459 458 232)
3(459 232 472)
3(510 257 468)
3(257 256 468)
3(510 468 256)
3(437 240 436)
3(437 306 240)
3(451 314 305)
3(451 445 314)
3(451 305 445)
3(305 314 445)
3(264 501 286)
3(287 286 501)
3(446 445 238)
3(446 238 305)
3(305 238 445)
3(446 305 445)
3(439 299 444)
3(517 444 299)
3(268 301 449)
3(453 268 449)
3(453 449 301)
3(453 301 268)
3(304 441 445)
3(305 304 445)
3(305 445 441)
3(305 441 304)
3(475 482 321)
3(475 321 309)
3(309 321 482)
3(475 309 482)
3(248 509 432)
3(252 432 509)
3(248 432 252)
3(248 252 509)
3(255 236 480)
3(307 255 480)
3(445 304 443)
3(304 441 443)
3(246 253 518)
3(513 246 518)
3(513 518 253)
3(513 253 246)
3(264 286 431)
3(428 264 431)
3(428 286 264)
3(469 269 257)
3(469 468 269)
3(257 269 468)
3(469 257 468)
3(240 241 436)
3(240 436 243)
3(248 435 432)
3(248 509 435)
3(236 234 533)
3(235 236 533)
3(235 533 234)
3(460 303 524)
3(460 524 276)
3(460 276 303)
3(432 294 252)
3(432 509 294)
3(252 294 509)
3(294 431 432)
3(294 252 431)
3(252 432 431)
3(439 244 444)
3(439 444 241)
3(439 241 244)
3(244 241 444)
3(512 533 236)
3(512 234 533)
3(408 127 172)
3(408 401 127)
3(408 172 401)
3(172 127 401)
3(321 475 534)
3(321 534 482)
3(247 253 462)
3(513 462 253)
3(513 247 462)
3(513 253 247)
3(249 257 468)
3(249 468 510)
3(293 448 513)
3(293 253 448)
3(293 513 253)
3(253 513 448)
3(512 237 437)
3(512 236 237)
3(237 236 437)
3(300 301 449)
3(268 300 449)
3(307 511 512)
3(307 480 511)
3(512 237 521)
3(437 521 237)
3(439 244 442)
3(442 244 444)
3(447 300 301)
3(447 301 453)
3(301 300 453)
3(447 453 300)
3(455 468 257)
3(267 257 468)
3(455 267 468)
3(455 257 267)
3(239 241 439)
3(239 439 438)
3(294 431 509)
3(252 435 432)
3(252 248 435)
3(254 253 462)
3(254 462 247)
3(238 441 445)
3(238 446 441)
3(251 301 447)
3(300 251 447)
3(255 480 475)
3(255 475 309)
3(232 234 459)
3(234 474 459)
3(241 440 239)
3(241 439 440)
3(239 440 439)
3(508 274 535)
3(274 265 535)
3(508 265 274)
3(508 535 265)
3(252 262 434)
3(252 434 245)
3(262 245 434)
3(231 232 458)
3(472 232 231)
3(472 231 458)
3(78 77 556)
3(78 556 357)
3(77 357 556)
3(241 440 242)
3(239 242 440)
3(294 509 478)
3(256 294 478)
3(256 509 294)
3(256 478 509)
3(314 305 446)
3(238 314 446)
3(492 323 224)
3(492 224 494)
3(224 323 494)
3(247 253 518)
3(247 518 246)
3(478 468 257)
3(478 257 256)
3(478 256 468)
3(313 315 451)
3(315 250 451)
3(241 299 444)
3(276 301 454)
3(453 454 301)
3(453 276 454)
3(453 301 276)
3(293 520 513)
3(293 448 520)
3(315 451 457)
3(315 457 313)
3(236 512 235)
3(235 512 533)
3(445 443 305)
3(445 259 443)
3(445 305 259)
3(259 305 443)
3(252 432 434)
3(262 434 432)
3(439 243 517)
3(436 517 243)
3(305 304 443)
3(253 464 254)
3(253 254 513)
3(253 513 464)
3(254 464 513)
3(258 455 468)
3(257 258 468)
3(257 455 258)
3(236 521 512)
3(236 237 521)
3(257 529 249)
3(257 468 529)
3(249 529 468)
3(246 448 513)
3(246 518 448)
3(49 540 571)
3(49 571 565)
3(49 565 540)
3(301 251 453)
3(523 453 251)
3(523 251 301)
3(523 301 453)
3(334 469 298)
3(298 469 531)
3(334 531 469)
3(334 298 531)
3(442 241 439)
3(241 242 439)
3(442 439 242)
3(442 242 241)
3(315 305 451)
3(314 315 451)
3(442 241 244)
3(445 259 450)
3(443 450 259)
3(478 288 257)
3(478 468 288)
3(257 288 468)
3(288 256 478)
3(47 574 332)
3(46 332 574)
3(47 46 574)
3(317 475 534)
3(317 534 321)
3(317 321 475)
3(257 529 258)
3(249 258 529)
3(459 231 452)
3(459 233 231)
3(231 233 452)
3(459 452 233)
3(258 529 468)
3(455 529 258)
3(430 508 273)
3(430 273 429)
3(429 273 508)
3(459 458 231)
3(459 231 232)
3(452 250 458)
3(458 250 456)
3(452 456 250)
3(430 432 252)
3(430 252 263)
3(430 263 432)
3(235 236 521)
3(512 235 521)
3(430 264 252)
3(430 432 264)
3(252 264 432)
3(231 452 458)
3(513 283 514)
3(513 253 283)
3(513 514 253)
3(283 253 514)
3(534 317 473)
3(475 473 317)
3(453 268 454)
3(268 449 454)
3(67 562 494)
3(557 67 494)
3(557 562 67)
3(288 469 298)
3(288 334 469)
3(263 430 264)
3(432 252 245)
3(432 245 435)
3(245 252 435)
3(498 333 499)
3(498 499 343)
3(333 343 499)
3(432 434 245)
3(440 242 439)
3(243 241 517)
3(299 243 517)
3(514 284 516)
3(516 284 491)
3(514 491 284)
3(268 301 454)
3(268 454 276)
3(447 251 453)
3(294 507 478)
3(294 509 507)
3(240 439 436)
3(294 478 297)
3(256 297 478)
3(283 253 464)
3(283 464 254)
3(453 449 300)
3(468 267 467)
3(468 467 257)
3(267 257 467)
3(64 420 544)
3(354 544 420)
3(64 544 354)
3(253 448 246)
3(293 246 448)
3(321 317 473)
3(321 473 534)
3(254 513 462)
3(445 450 305)
3(445 305 266)
3(266 305 450)
3(445 266 450)
3(440 242 442)
3(455 267 467)
3(480 255 512)
3(430 263 273)
3(430 508 263)
3(273 263 508)
3(487 333 498)
3(487 303 333)
3(487 498 303)
3(314 446 445)
3(314 451 446)
3(163 76 556)
3(163 77 76)
3(163 556 77)
3(76 77 556)
3(513 247 518)
3(462 518 247)
3(351 525 466)
3(318 466 525)
3(351 466 318)
3(351 318 525)
3(78 164 556)
3(77 164 78)
3(77 556 164)
3(283 515 261)
3(261 515 464)
3(283 261 464)
3(283 464 515)
3(236 307 511)
3(523 489 293)
3(520 293 489)
3(523 293 520)
3(554 574 332)
3(554 332 47)
3(554 47 574)
3(434 245 435)
3(305 259 450)
3(273 285 430)
3(429 430 285)
3(429 285 273)
3(306 307 511)
3(522 445 305)
3(522 305 266)
3(522 266 445)
3(263 285 430)
3(237 521 235)
3(441 305 238)
3(513 253 520)
3(253 293 520)
3(305 315 445)
3(522 315 305)
3(522 445 315)
3(259 450 266)
3(242 244 442)
3(304 238 441)
3(480 255 474)
3(67 224 494)
3(67 562 224)
3(224 562 494)
3(465 260 470)
3(470 260 463)
3(465 463 260)
3(323 492 310)
3(323 310 482)
3(310 492 482)
3(521 533 235)
3(240 438 436)
3(451 315 445)
3(315 266 522)
3(447 251 523)
3(300 447 449)
3(328 83 418)
3(549 418 83)
3(549 83 328)
3(549 328 418)
3(508 274 493)
3(493 274 535)
3(508 505 274)
3(508 274 273)
3(273 274 505)
3(508 273 505)
3(513 283 464)
3(464 283 514)
3(288 257 469)
3(269 288 469)
3(149 420 64)
3(149 64 63)
3(149 63 420)
3(272 321 534)
3(272 534 355)
3(321 355 534)
3(321 272 473)
3(317 473 272)
3(468 269 467)
3(269 469 467)
3(80 561 347)
3(79 347 561)
3(80 79 561)
3(458 231 250)
3(250 231 452)
3(254 464 462)
3(299 444 244)
3(421 78 556)
3(421 357 78)
3(421 556 357)
3(534 272 473)
3(56 316 412)
3(555 412 316)
3(555 316 56)
3(555 56 412)
3(304 443 259)
3(248 435 245)
3(258 267 455)
3(274 481 308)
3(274 310 481)
3(310 308 481)
3(165 421 79)
3(165 79 78)
3(165 78 421)
3(440 438 239)
3(516 289 284)
3(284 289 514)
3(516 514 289)
3(289 491 516)
3(289 284 491)
3(511 262 306)
3(511 434 262)
3(511 306 434)
3(306 262 434)
3(231 456 458)
3(231 250 456)
3(529 510 249)
3(438 240 437)
3(240 237 437)
3(438 237 240)
3(438 437 237)
3(475 474 255)
3(475 255 317)
3(317 255 474)
3(475 317 474)
3(508 433 263)
3(508 263 265)
3(265 263 433)
3(508 265 433)
3(256 248 509)
3(510 256 509)
3(510 248 256)
3(510 509 248)
3(573 213 499)
3(573 333 213)
3(573 499 333)
3(213 333 499)
3(422 327 425)
3(327 74 425)
3(422 425 74)
3(422 74 327)
3(235 238 446)
3(521 446 238)
3(521 235 446)
3(521 238 235)
3(304 441 239)
3(239 441 440)
3(304 440 441)
3(304 239 440)
3(223 343 563)
3(223 563 1)
3(343 1 563)
3(459 234 233)
3(459 533 234)
3(459 233 533)
3(233 234 533)
3(517 249 299)
3(517 529 249)
3(517 299 529)
3(299 249 529)
3(349 231 456)
3(458 349 456)
3(458 231 349)
3(447 300 444)
3(300 244 444)
3(447 244 300)
3(447 444 244)
3(455 449 268)
3(455 268 258)
3(258 268 449)
3(455 258 449)
3(443 462 247)
3(443 247 259)
3(259 247 462)
3(443 259 462)
3(435 436 243)
3(245 243 436)
3(435 243 245)
3(435 245 436)
3(442 518 246)
3(242 246 518)
3(442 246 242)
3(442 242 518)
3(454 275 276)
3(454 276 524)
3(454 524 275)
3(276 275 524)
3(461 453 301)
3(302 301 453)
3(461 302 453)
3(461 301 302)
3(296 346 461)
3(346 302 461)
3(296 461 302)
3(535 480 307)
3(308 307 480)
3(535 307 308)
3(535 308 480)
3(298 469 479)
3(531 298 479)
3(351 524 466)
3(351 525 524)
3(237 306 437)
3(61 564 216)
3(61 216 416)
3(216 564 416)
3(61 416 564)
3(248 294 509)
3(290 289 491)
3(516 289 290)
3(516 290 491)
3(297 294 507)
3(478 297 507)
3(351 348 525)
3(569 348 351)
3(569 351 525)
3(569 525 348)
3(251 293 448)
3(251 448 523)
3(293 523 448)
3(251 523 293)
3(471 528 349)
3(471 349 456)
3(349 528 456)
3(474 234 533)
3(430 263 433)
3(74 422 376)
3(160 376 422)
3(74 160 422)
3(74 376 160)
3(478 256 510)
3(272 326 472)
3(230 472 326)
3(230 272 472)
3(250 456 349)
3(522 266 270)
3(522 270 465)
3(522 465 266)
3(270 266 465)
3(275 351 524)
3(466 275 524)
3(466 351 275)
3(295 461 453)
3(301 295 453)
3(301 461 295)
3(477 326 472)
3(477 472 272)
3(477 272 326)
3(330 566 212)
3(212 566 537)
3(330 537 566)
3(330 212 537)
3(471 486 313)
3(341 313 486)
3(471 341 486)
3(471 313 341)
3(217 558 413)
3(217 339 558)
3(339 413 558)
3(217 413 339)
3(453 302 460)
3(453 460 301)
3(302 301 460)
3(224 492 310)
3(575 562 344)
3(417 344 562)
3(575 344 417)
3(416 331 60)
3(60 331 546)
3(416 60 546)
3(416 546 331)
3(558 217 505)
3(217 320 505)
3(558 320 217)
3(558 505 320)
3(335 67 494)
3(557 335 494)
3(557 67 335)
3(433 262 434)
3(228 61 564)
3(228 564 216)
3(469 479 288)
3(298 288 479)
3(79 421 532)
3(220 532 421)
3(220 79 532)
3(522 266 450)
3(276 460 453)
3(276 454 460)
3(376 73 422)
3(73 74 422)
3(376 74 73)
3(70 572 506)
3(70 506 551)
3(70 551 572)
3(282 515 261)
3(282 283 515)
3(223 83 418)
3(223 418 328)
3(284 520 513)
3(284 513 253)
3(284 253 520)
3(293 295 489)
3(293 523 295)
3(295 523 489)
3(327 425 426)
3(327 426 422)
3(288 469 468)
3(288 478 469)
3(473 472 232)
3(272 232 472)
3(473 232 272)
3(473 272 472)
3(330 355 477)
3(537 330 477)
3(537 477 355)
3(537 355 330)
3(326 477 330)
3(326 355 477)
3(461 302 460)
3(493 481 308)
3(493 274 481)
3(493 308 274)
3(318 319 467)
3(319 269 467)
3(318 467 269)
3(252 431 264)
3(294 264 431)
3(295 523 453)
3(461 523 295)
3(432 264 431)
3(264 430 431)
3(53 553 378)
3(54 378 553)
3(54 553 53)
3(54 53 378)
3(477 272 534)
3(477 534 355)
3(477 355 272)
3(317 309 475)
3(403 83 418)
3(403 418 1)
3(83 1 418)
3(403 1 83)
3(65 566 212)
3(65 330 566)
3(514 513 284)
3(514 284 520)
3(295 301 523)
3(295 523 251)
3(257 269 467)
3(458 231 230)
3(458 230 476)
3(458 476 231)
3(230 231 476)
3(573 213 410)
3(410 213 499)
3(59 222 560)
3(546 560 222)
3(546 222 59)
3(546 59 560)
3(560 222 356)
3(560 356 495)
3(560 495 222)
3(356 222 495)
3(222 58 560)
3(58 356 560)
3(314 452 451)
3(250 452 314)
3(250 451 452)
3(250 314 451)
3(44 499 399)
3(45 399 499)
3(45 499 44)
3(45 44 399)
3(528 216 538)
3(528 277 216)
3(216 277 538)
3(528 538 277)
3(261 470 463)
3(261 463 526)
3(261 526 470)
3(421 78 164)
3(427 353 428)
3(427 426 353)
3(428 353 426)
3(553 378 138)
3(553 138 53)
3(53 138 378)
3(332 337 488)
3(332 488 490)
3(337 490 488)
3(332 490 337)
3(224 494 335)
3(303 524 498)
3(303 498 460)
3(261 515 526)
3(261 526 464)
3(457 271 279)
3(457 279 486)
3(457 486 271)
3(279 271 486)
3(350 214 547)
3(214 55 547)
3(350 547 55)
3(487 333 499)
3(308 493 535)
3(308 535 481)
3(226 48 554)
3(226 554 47)
3(48 47 554)
3(498 348 524)
3(498 303 348)
3(344 224 562)
3(575 224 344)
3(575 562 224)
3(310 493 274)
3(310 481 493)
3(429 427 353)
3(429 353 428)
3(524 348 525)
3(524 351 348)
3(274 493 505)
3(137 53 374)
3(137 52 53)
3(137 374 52)
3(53 52 374)
3(281 504 470)
3(281 470 526)
3(281 526 504)
3(329 327 425)
3(426 329 425)
3(426 327 329)
3(231 472 230)
3(232 230 472)
3(62 564 228)
3(62 61 564)
3(68 344 562)
3(68 417 344)
3(68 562 417)
3(308 535 274)
3(308 265 535)
3(75 568 329)
3(329 568 425)
3(75 329 425)
3(75 425 568)
3(71 217 572)
3(217 413 572)
3(71 413 217)
3(71 572 413)
3(313 279 457)
3(313 457 271)
3(320 429 427)
3(353 320 427)
3(353 429 320)
3(329 74 425)
3(464 254 463)
3(254 261 463)
3(464 261 254)
3(464 463 261)
3(409 566 212)
3(409 212 65)
3(409 65 566)
3(568 500 75)
3(568 329 500)
3(329 75 500)
3(346 461 488)
3(346 488 296)
3(296 488 461)
3(212 355 534)
3(212 534 321)
3(216 60 416)
3(331 216 416)
3(574 503 46)
3(46 503 410)
3(574 46 410)
3(279 356 495)
3(576 356 279)
3(576 495 356)
3(576 279 495)
3(64 330 566)
3(65 64 566)
3(487 461 346)
3(487 346 302)
3(487 302 461)
3(271 270 522)
3(271 522 266)
3(323 321 482)
3(309 323 482)
3(214 547 567)
3(350 567 547)
3(214 567 350)
3(291 293 489)
3(520 293 291)
3(520 291 489)
3(425 367 75)
3(425 161 367)
3(425 75 161)
3(161 75 367)
3(60 546 372)
3(60 145 546)
3(145 372 546)
3(60 372 145)
3(253 284 514)
3(328 351 569)
3(328 569 348)
3(457 486 313)
3(457 313 471)
3(544 64 149)
3(364 550 73)
3(364 72 550)
3(72 73 550)
3(364 73 72)
3(414 80 366)
3(414 366 167)
3(414 167 80)
3(80 167 366)
3(269 467 267)
3(425 367 74)
3(425 74 75)
3(75 74 367)
3(315 522 451)
3(227 422 327)
3(327 422 427)
3(227 427 422)
3(227 327 427)
3(159 364 550)
3(73 159 550)
3(73 364 159)
3(576 279 496)
3(496 279 486)
3(576 486 279)
3(75 215 568)
3(76 568 215)
3(76 75 568)
3(346 487 488)
3(352 347 561)
3(570 347 352)
3(570 352 561)
3(570 561 347)
3(59 58 560)
3(328 351 525)
3(328 525 569)
3(301 276 460)
3(503 574 332)
3(503 332 554)
3(491 337 489)
3(491 291 337)
3(337 291 489)
3(491 489 291)
3(233 232 459)
3(499 399 128)
3(499 128 44)
3(44 128 399)
3(284 514 283)
3(348 569 524)
3(340 540 571)
3(340 571 49)
3(340 49 540)
3(467 530 319)
3(467 318 530)
3(318 319 530)
3(327 427 426)
3(353 327 426)
3(353 427 327)
3(81 366 414)
3(81 414 80)
3(81 80 366)
3(265 273 508)
3(276 460 302)
3(284 491 290)
3(528 216 545)
3(538 545 216)
3(280 504 485)
3(280 470 504)
3(280 485 470)
3(76 411 163)
3(76 556 411)
3(522 270 519)
3(465 519 270)
3(277 349 471)
3(528 277 471)
3(528 349 277)
3(506 558 217)
3(506 217 505)
3(62 63 420)
3(148 62 420)
3(148 63 62)
3(148 420 63)
3(225 280 485)
3(322 225 485)
3(322 485 280)
3(170 418 403)
3(170 83 418)
3(170 403 83)
3(217 70 572)
3(506 217 572)
3(506 70 217)
3(313 279 486)
3(266 450 260)
3(260 450 465)
3(266 465 450)
3(266 260 465)
3(493 311 336)
3(493 336 497)
3(493 497 311)
3(336 311 497)
3(345 501 324)
3(345 287 501)
3(287 324 501)
3(560 356 424)
3(495 424 356)
3(311 274 493)
3(274 336 493)
3(127 2 408)
3(172 2 127)
3(172 408 2)
3(214 316 412)
3(214 412 56)
3(416 375 61)
3(416 61 146)
3(416 146 375)
3(146 61 375)
3(212 409 537)
3(471 349 313)
3(471 313 456)
3(313 349 456)
3(339 227 558)
3(339 558 550)
3(227 550 558)
3(339 550 227)
3(137 53 138)
3(138 53 374)
3(284 293 520)
3(553 139 378)
3(553 54 139)
3(139 54 378)
3(212 537 534)
3(355 534 537)
3(355 537 212)
3(396 47 574)
3(396 574 131)
3(47 131 574)
3(396 131 47)
3(75 215 500)
3(568 500 215)
3(214 547 412)
3(214 412 567)
3(503 46 332)
3(170 549 394)
3(169 394 549)
3(71 70 572)
3(279 486 341)
3(547 379 139)
3(547 54 379)
3(547 139 54)
3(54 139 379)
3(546 222 495)
3(546 331 222)
3(546 495 331)
3(222 331 495)
3(426 500 345)
3(426 345 501)
3(345 500 501)
3(51 312 552)
3(52 552 312)
3(52 51 552)
3(544 566 64)
3(544 330 566)
3(544 64 330)
3(482 309 481)
3(309 310 481)
3(482 310 309)
3(482 481 310)
3(534 323 321)
3(534 482 323)
3(226 340 539)
3(419 226 539)
3(419 539 340)
3(419 340 226)
3(261 280 463)
3(470 463 280)
3(470 280 261)
3(227 320 558)
3(427 558 320)
3(427 320 227)
3(427 227 558)
3(329 345 426)
3(500 329 426)
3(500 345 329)
3(357 220 531)
3(357 531 421)
3(357 421 220)
3(220 421 531)
3(59 60 546)
3(372 59 546)
3(372 60 59)
3(295 302 461)
3(416 60 61)
3(416 375 60)
3(61 60 375)
3(73 422 227)
3(73 550 422)
3(227 422 550)
3(73 227 550)
3(343 563 498)
3(223 498 563)
3(343 498 223)
3(68 224 562)
3(337 489 490)
3(337 490 491)
3(506 336 342)
3(506 497 336)
3(342 336 497)
3(506 342 497)
3(286 353 426)
3(428 286 426)
3(428 353 286)
3(472 230 458)
3(496 567 278)
3(496 214 567)
3(496 278 214)
3(214 278 567)
3(159 376 422)
3(336 320 505)
3(336 505 217)
3(500 425 329)
3(223 563 418)
3(1 223 418)
3(1 418 563)
3(499 129 399)
3(499 45 129)
3(129 45 399)
3(295 489 291)
3(273 429 505)
3(320 505 429)
3(320 273 505)
3(320 429 273)
3(544 477 330)
3(544 330 326)
3(544 326 477)
3(279 496 316)
3(279 316 576)
3(316 496 576)
3(353 285 429)
3(428 429 285)
3(428 285 353)
3(559 534 323)
3(559 321 534)
3(559 323 321)
3(316 496 412)
3(555 496 316)
3(467 319 483)
3(467 483 269)
3(319 269 483)
3(327 73 422)
3(472 230 476)
3(470 270 465)
3(484 270 470)
3(484 465 270)
3(477 272 473)
3(466 530 318)
3(318 530 525)
3(74 160 425)
3(412 214 55)
3(412 55 547)
3(332 296 488)
3(296 337 488)
3(48 554 419)
3(226 419 554)
3(48 419 226)
3(59 331 546)
3(312 415 541)
3(218 415 312)
3(218 541 415)
3(218 312 541)
3(140 547 379)
3(346 573 213)
3(346 296 573)
3(296 213 573)
3(158 362 413)
3(72 413 362)
3(72 158 413)
3(72 362 158)
3(250 233 452)
3(503 332 488)
3(490 332 503)
3(213 503 332)
3(213 488 503)
3(213 332 488)
3(389 393 181)
3(389 181 105)
3(105 181 393)
3(282 515 526)
3(261 282 526)
3(392 391 173)
3(392 173 120)
3(120 173 391)
3(387 143 424)
3(387 424 142)
3(414 366 168)
3(90 206 398)
3(386 398 206)
3(386 206 90)
3(506 217 413)
3(226 290 539)
3(290 340 539)
3(218 540 565)
3(218 541 540)
3(218 565 541)
3(208 106 383)
3(208 383 389)
3(208 389 106)
3(323 559 482)
3(388 104 210)
3(388 210 393)
3(210 104 393)
3(352 80 561)
3(364 550 158)
3(339 320 558)
3(394 83 549)
3(83 170 549)
3(394 170 83)
3(311 493 310)
3(310 493 492)
3(311 492 493)
3(311 310 492)
3(159 73 422)
3(376 73 159)
3(555 57 316)
3(316 57 424)
3(555 424 57)
3(555 316 424)
3(470 280 260)
3(260 280 465)
3(470 465 280)
3(365 182 121)
3(365 392 182)
3(121 182 392)
3(552 51 415)
3(51 312 415)
3(552 415 312)
3(175 363 118)
3(175 118 360)
3(175 360 363)
3(370 168 548)
3(370 548 81)
3(168 81 548)
3(370 81 168)
3(385 203 107)
3(107 203 383)
3(385 383 203)
3(381 103 180)
3(180 103 388)
3(381 180 388)
3(177 391 360)
3(119 177 360)
3(119 391 177)
3(458 528 349)
3(458 349 229)
3(458 229 528)
3(229 349 528)
3(562 153 390)
3(562 390 154)
3(333 346 487)
3(333 573 346)
3(333 487 573)
3(346 573 487)
3(292 541 289)
3(292 516 541)
3(292 289 516)
3(289 541 516)
3(181 64 393)
3(389 393 64)
3(389 64 181)
3(89 194 397)
3(89 398 194)
3(194 398 397)
3(158 72 550)
3(364 72 158)
3(396 400 189)
3(86 189 400)
3(396 189 86)
3(357 298 531)
3(220 531 298)
3(179 366 370)
3(81 370 366)
3(179 370 81)
3(179 81 366)
3(211 363 367)
3(211 117 363)
3(211 367 117)
3(46 574 396)
3(46 396 47)
3(563 499 343)
3(174 122 361)
3(365 174 361)
3(365 122 174)
3(319 483 530)
3(372 101 184)
3(372 184 375)
3(184 101 375)
3(197 395 88)
3(197 397 395)
3(197 88 397)
3(390 201 109)
3(390 384 201)
3(109 201 384)
3(209 381 375)
3(102 381 209)
3(102 209 375)
3(329 215 500)
3(187 384 385)
3(108 187 385)
3(108 384 187)
3(192 378 94)
3(192 94 95)
3(192 95 378)
3(192 378 374)
3(94 192 374)
3(191 395 396)
3(191 87 395)
3(191 396 87)
3(331 538 416)
3(216 416 538)
3(216 538 331)
3(338 312 552)
3(527 338 552)
3(527 312 338)
3(527 552 312)
3(380 195 91)
3(91 195 386)
3(380 386 195)
3(133 49 419)
3(571 419 49)
3(571 49 133)
3(101 184 100)
3(100 184 372)
3(559 321 212)
3(559 212 534)
3(110 201 109)
3(110 390 201)
3(273 336 505)
3(274 505 336)
3(53 137 423)
3(52 53 423)
3(52 423 137)
3(320 429 558)
3(52 552 338)
3(353 227 427)
3(225 280 504)
3(485 225 504)
3(425 160 367)
3(560 58 424)
3(58 356 424)
3(46 503 213)
3(46 213 410)
3(213 503 410)
3(324 479 536)
3(324 298 479)
3(324 536 298)
3(298 536 479)
3(374 377 196)
3(93 196 377)
3(374 196 93)
3(269 469 334)
3(334 469 483)
3(269 483 469)
3(269 334 483)
3(79 165 532)
3(431 287 294)
3(431 294 507)
3(431 507 287)
3(294 287 507)
3(125 176 394)
3(126 394 176)
3(126 176 125)
3(545 564 216)
3(545 228 564)
3(545 216 228)
3(414 81 168)
3(168 81 366)
3(200 92 377)
3(380 92 200)
3(380 200 377)
3(504 338 527)
3(504 527 281)
3(338 281 527)
3(504 281 338)
3(289 282 541)
3(218 289 541)
3(218 541 282)
3(46 396 400)
3(189 46 400)
3(189 396 46)
3(479 507 324)
3(479 324 502)
3(502 324 507)
3(403 3 418)
3(171 366 361)
3(123 171 361)
3(123 366 171)
3(347 334 532)
3(334 483 532)
3(347 483 334)
3(347 532 483)
3(537 330 544)
3(334 532 220)
3(347 220 532)
3(339 72 413)
3(339 413 71)
3(72 71 413)
3(169 548 370)
3(497 417 344)
3(342 344 417)
3(497 342 417)
3(497 344 342)
3(339 550 413)
3(72 413 550)
3(72 550 339)
3(271 519 522)
3(271 270 519)
3(40 122 361)
3(174 122 40)
3(174 40 361)
3(221 420 62)
3(221 63 420)
3(260 280 463)
3(260 463 261)
3(7 395 88)
3(7 88 197)
3(7 197 395)
3(416 60 145)
3(502 345 501)
3(502 324 345)
3(502 501 324)
3(543 62 564)
3(543 564 228)
3(543 228 62)
3(64 566 150)
3(64 150 65)
3(65 150 566)
3(492 310 481)
3(344 497 575)
3(532 531 334)
3(220 334 531)
3(532 220 531)
3(370 179 124)
3(124 179 366)
3(178 376 116)
3(178 367 376)
3(178 116 367)
3(419 48 132)
3(132 48 554)
3(85 189 400)
3(85 86 189)
3(479 297 324)
3(324 297 507)
3(479 507 297)
3(267 467 318)
3(318 467 466)
3(267 318 466)
3(267 466 467)
3(68 67 562)
3(154 417 369)
3(68 417 154)
3(68 369 417)
3(68 154 369)
3(527 338 423)
3(423 338 552)
3(478 479 288)
3(58 424 387)
3(58 143 424)
3(58 387 143)
3(506 342 70)
3(506 551 342)
3(70 342 551)
3(427 550 227)
3(96 204 371)
3(96 97 204)
3(204 97 371)
3(133 49 48)
3(133 48 419)
3(48 49 419)
3(575 311 224)
3(224 311 492)
3(575 224 492)
3(575 492 311)
3(415 50 135)
3(415 565 50)
3(135 50 565)
3(78 77 392)
3(164 392 77)
3(164 78 392)
3(336 497 505)
3(336 505 493)
3(63 64 393)
3(181 63 393)
3(62 420 543)
3(62 543 148)
3(286 426 345)
3(286 501 426)
3(286 345 501)
3(288 297 479)
3(478 297 288)
3(478 479 297)
3(417 369 155)
3(66 409 212)
3(66 65 409)
3(394 549 82)
3(169 82 549)
3(394 82 169)
3(327 426 286)
3(326 472 542)
3(326 542 477)
3(562 67 390)
3(562 153 67)
3(67 153 390)
3(313 471 277)
3(95 193 379)
3(96 193 95)
3(96 379 193)
3(496 279 278)
3(278 279 486)
3(496 278 486)
3(409 385 152)
3(409 151 385)
3(348 524 275)
3(334 483 531)
3(471 341 495)
3(486 495 341)
3(144 372 546)
3(217 342 506)
3(336 217 506)
3(54 379 95)
3(54 95 193)
3(54 193 379)
3(542 230 472)
3(542 326 230)
3(415 527 312)
3(312 527 541)
3(216 545 416)
3(74 160 367)
3(530 352 414)
3(570 352 530)
3(570 414 352)
3(115 116 178)
3(115 178 376)
3(411 568 215)
3(411 76 568)
3(411 215 76)
3(1 3 418)
3(1 403 3)
3(218 292 565)
3(218 540 292)
3(292 540 565)
3(414 561 80)
3(167 80 561)
3(457 315 522)
3(564 61 146)
3(124 125 179)
3(179 125 370)
3(202 114 362)
3(113 202 362)
3(113 114 202)
3(280 470 281)
3(280 281 504)
3(387 424 57)
3(142 57 424)
3(387 57 142)
3(80 352 414)
3(81 414 352)
3(331 538 546)
3(281 280 526)
3(280 470 526)
3(502 536 324)
3(343 44 563)
3(44 1 563)
3(504 338 423)
3(354 544 326)
3(326 544 542)
3(354 542 544)
3(354 326 542)
3(133 48 397)
3(132 48 133)
3(132 397 48)
3(485 350 547)
3(547 350 553)
3(485 553 350)
3(173 77 392)
3(173 392 78)
3(57 56 555)
3(346 487 303)
3(331 538 495)
3(428 430 264)
3(428 264 285)
3(428 285 430)
3(285 264 430)
3(296 295 461)
3(489 295 296)
3(489 296 461)
3(489 461 295)
3(350 485 567)
3(350 567 322)
3(322 567 485)
3(350 322 485)
3(207 100 373)
3(99 100 207)
3(99 207 373)
3(110 188 369)
3(110 111 188)
3(188 111 369)
3(231 229 458)
3(199 115 364)
3(199 364 114)
3(199 114 115)
3(219 352 414)
3(219 530 352)
3(219 414 530)
3(337 491 290)
3(291 290 491)
3(323 212 559)
3(213 488 573)
3(213 573 503)
3(368 155 551)
3(155 69 551)
3(368 551 69)
3(368 69 155)
3(343 44 499)
3(44 563 499)
3(213 296 488)
3(382 205 406)
3(382 97 205)
3(205 97 406)
3(73 115 364)
3(199 73 364)
3(199 115 73)
3(335 409 557)
3(559 335 557)
3(559 409 335)
3(157 362 413)
3(270 280 465)
3(260 270 465)
3(278 496 484)
3(278 484 567)
3(470 270 280)
3(133 49 397)
3(49 48 397)
3(103 21 381)
3(180 21 103)
3(180 381 21)
3(286 426 329)
3(185 99 387)
3(98 185 387)
3(98 99 185)
3(107 385 26)
3(107 26 203)
3(203 26 385)
3(505 336 506)
3(111 186 368)
3(112 368 186)
3(112 186 111)
3(409 66 335)
3(409 557 66)
3(335 66 557)
3(222 495 279)
3(79 532 561)
3(79 347 532)
3(347 561 532)
3(489 488 337)
3(416 145 375)
3(544 150 64)
3(55 379 547)
3(55 547 54)
3(55 54 379)
3(541 515 282)
3(541 289 515)
3(289 282 515)
3(419 571 340)
3(419 340 540)
3(231 229 476)
3(229 458 476)
3(344 575 311)
3(500 502 345)
3(227 550 72)
3(77 391 392)
3(77 164 391)
3(69 344 417)
3(342 69 417)
3(214 496 412)
3(316 496 214)
3(457 315 271)
3(271 315 522)
3(457 271 522)
3(372 60 375)
3(372 184 60)
3(60 184 375)
3(51 135 415)
3(50 51 415)
3(50 135 51)
3(497 575 311)
3(497 311 344)
3(320 285 429)
3(362 71 413)
3(362 72 71)
3(539 490 226)
3(419 226 490)
3(382 205 98)
3(98 205 406)
3(405 359 198)
3(112 198 359)
3(405 198 112)
3(341 538 471)
3(341 495 538)
3(531 536 357)
3(421 357 536)
3(156 551 368)
3(316 278 496)
3(173 77 391)
3(412 140 371)
3(412 371 141)
3(328 219 525)
3(351 525 219)
3(223 498 418)
3(218 50 565)
3(292 565 50)
3(296 573 488)
3(346 488 573)
3(152 66 557)
3(384 152 557)
3(384 557 66)
3(384 66 152)
3(198 113 359)
3(198 405 113)
3(82 83 549)
3(394 83 82)
3(144 373 560)
3(59 560 373)
3(59 144 560)
3(59 373 144)
3(290 337 490)
3(491 290 490)
3(69 68 417)
3(135 51 136)
3(135 380 51)
3(136 51 380)
3(502 345 215)
3(502 215 500)
3(215 345 500)
3(531 536 298)
3(357 298 536)
3(415 218 50)
3(415 565 218)
3(515 514 283)
3(289 283 514)
3(515 289 514)
3(515 283 289)
3(216 528 229)
3(277 229 528)
3(497 311 492)
3(100 373 59)
3(207 59 373)
3(100 59 207)
3(525 328 548)
3(328 219 548)
3(525 548 219)
3(568 75 161)
3(316 576 356)
3(229 476 230)
3(292 541 218)
3(154 68 562)
3(543 228 476)
3(228 221 476)
3(543 476 221)
3(543 221 228)
3(356 576 424)
3(559 494 335)
3(323 335 494)
3(559 323 494)
3(559 335 323)
3(423 338 52)
3(423 52 552)
3(130 396 574)
3(82 370 548)
3(81 82 548)
3(81 370 82)
3(386 135 565)
3(386 565 134)
3(356 316 424)
3(576 424 316)
3(417 69 369)
3(69 68 369)
3(547 553 54)
3(68 562 390)
3(154 68 390)
3(226 290 490)
3(539 490 290)
3(131 395 554)
3(132 554 395)
3(54 547 350)
3(54 350 553)
3(547 55 140)
3(140 55 379)
3(212 537 559)
3(68 67 390)
3(520 284 491)
3(520 291 284)
3(284 291 491)
3(520 491 291)
3(325 502 215)
3(325 215 411)
3(215 502 411)
3(325 411 502)
3(57 58 424)
3(387 58 57)
3(110 68 369)
3(68 188 369)
3(110 188 68)
3(82 169 548)
3(370 169 82)
3(51 136 415)
3(53 138 423)
3(572 359 157)
3(572 156 359)
3(543 62 147)
3(147 62 564)
3(519 486 271)
3(519 271 457)
3(342 551 417)
3(69 417 551)
3(342 69 551)
3(35 363 118)
3(35 118 175)
3(35 175 363)
3(319 347 483)
3(319 483 334)
3(142 555 382)
3(141 382 555)
3(554 332 490)
3(554 226 332)
3(554 490 226)
3(332 226 490)
3(318 466 275)
3(527 282 526)
3(527 526 281)
3(282 281 526)
3(527 281 282)
3(290 292 516)
3(290 516 539)
3(290 539 292)
3(292 539 516)
3(53 423 338)
3(64 149 393)
3(64 389 149)
3(354 544 330)
3(49 340 419)
3(530 319 352)
3(352 319 570)
3(530 570 319)
3(409 335 212)
3(409 212 559)
3(212 335 559)
3(152 409 66)
3(152 66 385)
3(66 409 385)
3(476 545 228)
3(543 228 545)
3(554 131 47)
3(47 131 395)
3(554 47 395)
3(377 137 552)
3(377 552 136)
3(325 357 556)
3(325 556 77)
3(137 52 552)
3(356 57 424)
3(572 71 359)
3(572 359 70)
3(71 70 359)
3(543 62 221)
3(543 221 420)
3(77 163 360)
3(391 77 360)
3(391 163 77)
3(489 296 337)
3(489 488 296)
3(417 69 155)
3(155 69 369)
3(85 399 190)
3(84 190 399)
3(85 190 84)
3(143 373 560)
3(298 479 297)
3(497 342 551)
3(76 163 360)
3(77 76 360)
3(347 570 319)
3(347 483 570)
3(319 570 483)
3(373 58 560)
3(373 59 58)
3(12 92 377)
3(200 92 12)
3(200 12 377)
3(325 324 536)
3(325 536 298)
3(60 145 375)
3(51 415 218)
3(410 400 46)
3(410 130 400)
3(410 46 130)
3(130 46 400)
3(46 45 410)
3(45 213 410)
3(44 333 499)
3(45 499 333)
3(420 354 542)
3(229 216 545)
3(528 229 545)
3(303 460 302)
3(282 527 515)
3(282 541 527)
3(552 51 136)
3(487 302 303)
3(487 303 460)
3(487 460 302)
3(270 280 484)
3(470 484 280)
3(541 292 540)
3(540 292 516)
3(144 59 546)
3(372 59 144)
3(376 74 367)
3(376 178 74)
3(74 178 367)
3(378 374 53)
3(378 53 192)
3(192 53 374)
3(519 278 279)
3(519 486 278)
3(519 279 486)
3(271 279 519)
3(278 271 519)
3(286 285 428)
3(280 526 261)
3(281 261 526)
3(151 65 566)
3(151 409 65)
3(281 504 225)
3(280 358 484)
3(358 322 484)
3(280 484 322)
3(55 412 140)
3(55 371 412)
3(55 140 371)
3(391 556 163)
3(391 164 556)
3(368 551 70)
3(69 70 551)
3(368 70 69)
3(149 393 63)
3(287 501 507)
3(279 486 495)
3(341 279 495)
3(575 224 494)
3(496 278 519)
3(352 414 561)
3(219 81 414)
3(121 365 39)
3(121 39 182)
3(182 39 365)
3(177 77 360)
3(391 77 177)
3(328 548 549)
3(328 549 525)
3(572 71 157)
3(157 71 359)
3(85 399 45)
3(190 45 399)
3(85 45 190)
3(149 150 64)
3(89 8 397)
3(194 8 89)
3(194 397 8)
3(270 358 484)
3(340 419 48)
3(166 79 532)
3(166 561 79)
3(319 219 530)
3(410 45 129)
3(410 499 45)
3(560 58 143)
3(1 3 402)
3(563 1 402)
3(563 3 1)
3(563 402 3)
3(348 223 569)
3(328 569 223)
3(162 76 163)
3(162 360 76)
3(148 62 147)
3(270 278 484)
3(358 484 278)
3(229 221 476)
3(228 229 476)
3(340 292 540)
3(49 540 292)
3(56 55 412)
3(45 410 400)
3(46 45 400)
3(341 222 495)
3(215 411 500)
3(287 297 507)
3(287 507 324)
3(342 311 497)
3(498 348 569)
3(324 502 215)
3(324 325 502)
3(381 564 146)
3(381 147 564)
3(106 383 25)
3(106 25 208)
3(208 25 383)
3(104 22 388)
3(210 22 104)
3(210 388 22)
3(515 516 289)
3(127 1 3)
3(127 402 1)
3(539 290 491)
3(150 383 64)
3(65 64 383)
3(150 65 383)
3(183 44 404)
3(183 404 84)
3(44 84 404)
3(183 84 44)
3(555 57 142)
3(555 382 57)
3(142 57 382)
3(540 539 340)
3(410 129 400)
3(322 567 214)
3(322 358 567)
3(358 214 567)
3(78 79 365)
3(182 78 365)
3(182 365 79)
3(563 44 402)
3(44 1 402)
3(366 361 80)
3(171 80 361)
3(366 80 171)
3(67 390 384)
3(201 390 67)
3(201 67 384)
3(296 291 489)
3(229 528 476)
3(331 277 538)
3(76 360 177)
3(167 561 361)
3(166 361 561)
3(82 219 548)
3(82 548 328)
3(498 348 223)
3(498 223 569)
3(70 156 551)
3(368 156 70)
3(548 414 81)
3(63 62 388)
3(62 148 388)
3(63 388 148)
3(384 153 557)
3(70 572 156)
3(70 156 359)
3(72 114 362)
3(202 72 362)
3(202 114 72)
3(312 281 527)
3(64 383 389)
3(64 208 383)
3(64 389 208)
3(79 165 166)
3(411 76 162)
3(162 76 568)
3(81 219 548)
3(161 363 568)
3(162 568 363)
3(396 47 395)
3(47 191 395)
3(396 191 47)
3(219 530 548)
3(219 525 530)
3(377 137 52)
3(377 52 552)
3(391 556 77)
3(325 536 556)
3(357 556 536)
3(357 536 325)
3(95 192 14)
3(94 14 192)
3(63 210 388)
3(62 388 210)
3(44 563 128)
3(496 316 424)
3(325 76 411)
3(50 134 398)
3(50 398 386)
3(50 386 134)
3(125 82 394)
3(176 394 82)
3(176 82 125)
3(548 414 219)
3(66 67 557)
3(384 557 67)
3(384 67 66)
3(119 36 360)
3(177 36 119)
3(177 360 36)
3(157 71 413)
3(362 71 157)
3(361 167 80)
3(361 80 561)
3(549 328 82)
3(549 82 548)
3(337 490 226)
3(49 397 398)
3(49 398 133)
3(45 129 400)
3(411 325 536)
3(411 556 325)
3(571 398 134)
3(571 133 398)
3(230 221 476)
3(91 380 11)
3(91 11 195)
3(195 11 380)
3(566 383 151)
3(566 150 383)
3(485 225 350)
3(350 225 553)
3(485 553 225)
3(389 64 150)
3(341 471 277)
3(574 46 130)
3(208 383 65)
3(341 277 538)
3(331 341 538)
3(381 375 61)
3(381 61 209)
3(209 61 375)
3(50 49 398)
3(134 398 49)
3(134 49 50)
3(120 392 38)
3(120 38 173)
3(173 38 392)
3(9 398 90)
3(9 90 206)
3(9 206 398)
3(165 79 365)
3(165 365 78)
3(519 484 278)
3(63 393 388)
3(63 210 393)
3(381 61 146)
3(381 564 61)
3(471 277 538)
3(53 553 423)
3(373 58 143)
3(135 380 50)
3(51 50 380)
3(62 147 388)
3(153 67 557)
3(223 498 303)
3(78 365 392)
3(182 78 392)
3(188 29 110)
3(188 110 28)
3(207 100 18)
3(207 19 100)
3(570 347 532)
3(325 502 536)
3(56 382 555)
3(56 555 141)
3(56 141 382)
3(30 111 186)
3(29 186 111)
3(185 99 17)
3(185 18 99)
3(204 16 96)
3(204 96 15)
3(374 52 377)
3(114 31 202)
3(114 202 32)
3(367 363 75)
3(161 75 363)
3(194 397 49)
3(194 48 397)
3(125 176 43)
3(125 42 176)
3(99 387 58)
3(185 58 387)
3(99 58 185)
3(111 69 368)
3(186 368 69)
3(186 69 111)
3(201 28 110)
3(109 28 201)
3(100 19 184)
3(19 101 184)
3(178 115 33)
3(178 33 116)
3(380 377 51)
3(136 51 377)
3(105 389 24)
3(105 24 181)
3(181 24 389)
3(23 393 105)
3(23 105 181)
3(23 181 393)
3(4 190 85)
3(5 85 190)
3(569 328 549)
3(54 553 225)
3(53 225 553)
3(57 56 382)
3(50 135 386)
3(50 386 380)
3(15 95 193)
3(14 193 95)
3(78 164 165)
3(75 211 363)
3(367 211 75)
3(196 52 377)
3(196 374 52)
3(113 359 71)
3(198 71 359)
3(113 71 198)
3(206 50 398)
3(386 50 206)
3(35 211 363)
3(75 35 363)
3(117 363 35)
3(117 35 211)
3(12 377 196)
3(12 52 377)
3(396 46 130)
3(183 44 402)
3(404 183 402)
3(404 402 44)
3(37 391 120)
3(37 120 173)
3(37 173 391)
3(90 386 10)
3(90 10 206)
3(206 10 386)
3(412 371 56)
3(412 56 141)
3(141 56 371)
3(322 484 567)
3(358 567 484)
3(174 79 361)
3(174 361 80)
3(79 80 361)
3(93 12 377)
3(93 196 12)
3(312 282 527)
3(19 372 184)
3(59 184 372)
3(19 59 372)
3(149 63 148)
3(395 397 48)
3(395 48 132)
3(180 381 62)
3(180 61 381)
3(61 62 381)
3(219 530 318)
3(384 385 66)
3(187 66 385)
3(384 66 187)
3(395 197 48)
3(48 197 397)
3(79 365 174)
3(79 361 365)
3(122 39 365)
3(174 365 39)
3(174 39 122)
3(197 8 397)
3(88 397 8)
3(88 8 197)
3(100 19 372)
3(98 382 57)
3(205 57 382)
3(98 57 205)
3(70 359 112)
3(70 198 359)
3(70 112 198)
3(115 32 199)
3(115 199 33)
3(201 28 390)
3(110 390 28)
3(86 5 189)
3(86 189 6)
3(55 371 96)
3(55 204 371)
3(55 96 204)
3(165 78 392)
3(542 476 230)
3(542 221 476)
3(542 230 221)
3(107 25 383)
3(107 203 25)
3(25 203 383)
3(22 103 388)
3(180 103 22)
3(180 22 388)
3(65 151 383)
3(385 65 383)
3(385 151 65)
3(23 104 393)
3(23 210 104)
3(23 393 210)
3(24 389 106)
3(24 106 208)
3(24 208 389)
3(102 61 209)
3(102 381 61)
3(201 68 390)
3(68 28 390)
3(37 119 391)
3(37 177 119)
3(37 391 177)
3(200 51 377)
3(200 377 52)
3(51 52 377)
3(14 378 192)
3(14 95 378)
3(197 47 395)
3(47 48 395)
3(196 374 53)
3(211 74 367)
3(121 38 392)
3(121 182 38)
3(38 182 392)
3(118 360 36)
3(118 36 175)
3(175 36 360)
3(148 63 393)
3(322 484 485)
3(54 379 378)
3(95 54 378)
3(127 1 0)
3(127 0 172)
3(127 172 1)
3(102 21 381)
3(21 209 102)
3(61 21 102)
3(26 108 385)
3(206 49 398)
3(373 372 59)
3(70 368 359)
3(171 80 123)
3(123 80 361)
3(57 382 387)
3(362 71 359)
3(85 189 45)
3(85 45 400)
3(45 189 400)
3(69 369 368)
3(58 387 373)
3(362 364 72)
3(87 7 395)
3(189 85 5)
3(59 100 372)
3(176 126 83)
3(176 83 394)
3(83 126 394)
3(10 386 91)
3(10 91 195)
3(10 195 386)
3(9 89 398)
3(194 89 9)
3(194 9 398)
3(76 363 360)
3(162 363 76)
3(20 101 184)
3(27 201 109)
3(228 229 545)
3(229 476 545)
3(87 47 191)
3(87 395 47)
3(420 354 221)
3(221 354 542)
3(420 221 542)
3(48 8 397)
3(43 126 176)
3(98 57 387)
3(185 387 57)
3(185 57 98)
3(70 112 368)
3(186 70 368)
3(186 112 70)
3(39 79 365)
3(398 49 194)
3(16 97 204)
3(123 361 40)
3(390 369 68)
3(209 60 375)
3(42 124 179)
3(41 179 124)
3(175 363 76)
3(175 75 363)
3(75 76 363)
3(113 71 362)
3(71 202 362)
3(113 202 71)
3(56 55 371)
3(5 45 85)
3(62 388 381)
3(62 180 388)
3(17 185 98)
3(30 112 186)
3(92 11 380)
3(200 11 92)
3(200 380 11)
3(178 376 33)
3(115 33 376)
3(147 381 62)
3(364 73 376)
3(73 115 376)
3(68 390 110)
3(484 270 519)
3(270 278 519)
3(192 54 378)
3(54 14 378)
3(73 178 376)
3(33 73 376)
3(50 565 386)
3(94 13 192)
3(568 75 363)
3(563 402 128)
3(179 42 125)
3(65 566 383)
3(134 50 565)
3(399 45 400)
3(114 72 364)
3(72 199 364)
3(114 199 72)
3(193 15 96)
3(338 504 225)
3(292 340 539)
3(171 366 81)
3(202 113 31)
3(191 7 87)
3(191 87 6)
3(292 540 539)
3(380 50 195)
3(195 50 386)
3(0 1 404)
3(0 404 183)
3(1 183 404)
3(423 225 338)
3(423 504 225)
3(187 66 108)
3(108 66 385)
3(20 209 102)
3(108 26 187)
3(108 187 27)
3(34 116 178)
3(123 40 171)
3(123 171 41)
3(51 380 200)
3(114 32 199)
3(223 569 418)
3(108 26 66)
3(166 79 365)
3(97 56 382)
3(205 382 56)
3(205 56 97)
3(542 221 543)
3(401 1 83)
3(401 83 403)
3(401 403 1)
3(80 123 40)
3(18 207 99)
3(211 117 34)
3(188 29 111)
3(172 83 401)
3(172 401 1)
3(166 79 361)
3(99 58 373)
3(207 373 58)
3(207 58 99)
3(49 571 398)
3(134 571 49)
3(69 111 369)
3(69 369 188)
3(69 188 111)
3(81 41 366)
3(41 171 366)
3(47 7 87)
3(13 93 196)
3(195 380 51)
3(46 396 191)
3(190 44 399)
3(76 175 360)
3(179 125 82)
3(82 125 370)
3(179 82 370)
3(114 32 72)
3(326 542 221)
3(6 46 396)
3(191 6 396)
3(203 385 65)
3(203 65 383)
3(62 22 388)
3(128 44 402)
3(379 371 55)
3(125 82 42)
3(203 385 66)
3(65 66 385)
3(225 53 423)
3(20 60 375)
3(209 20 375)
3(0 127 404)
3(1 404 127)
3(183 1 402)
3(394 370 82)
3(225 504 553)
3(56 371 382)
3(97 56 371)
3(401 83 170)
3(204 56 371)
3(97 56 204)
3(67 153 384)
3(38 78 392)
3(84 190 44)
3(84 44 399)
3(34 367 211)
3(34 74 367)
3(13 196 374)
3(53 13 374)
3(96 379 55)
3(193 55 379)
3(96 55 193)
3(553 423 225)
3(84 4 190)
3(127 1 403)
3(43 126 83)
3(404 183 407)
3(404 407 0)
3(99 18 58)
3(111 69 29)
3(24 64 389)
3(25 65 383)
3(80 40 361)
3(14 54 95)
3(77 37 391)
3(21 61 381)
3(11 51 380)
3(7 47 395)
3(55 15 96)
3(59 19 100)
3(115 73 33)
3(1 402 404)
3(63 23 393)
3(84 183 407)
3(49 9 398)
3(76 36 360)
3(28 68 110)
3(31 71 113)
3(187 384 67)
3(44 84 402)
3(66 26 385)
3(27 187 384)
3(67 27 384)
3(112 70 30)
3(57 98 17)
3(4 44 84)
3(2 127 0)
3(2 0 172)
3(31 198 113)
3(394 401 83)
3(17 205 98)
3(30 112 198)
3(56 16 97)
3(126 172 401)
3(408 172 126)
3(4 183 84)
3(0 2 404)
3(16 97 205)
3(44 399 402)
3(10 50 386)
3(43 401 172)
3(43 83 401)
3(83 126 401)
3(1 401 127)
3(172 43 126)
3(126 43 401)
3(418 569 328)
3(499 45 213)
3(525 219 318)
3(556 325 76)
3(324 507 501)
3(49 134 565)
3(565 49 50)
3(541 282 312)
3(396 6 189)
3(396 6 86)
3(179 41 366)
3(41 366 124)
3(292 49 565)
3(485 484 280)
3(13 93 374)
3(374 13 94)
3(564 62 381)
3(367 117 34)
3(367 116 34)
3(363 76 568)
3(331 341 495)
3(561 79 361)
3(375 20 184)
3(375 20 101)
3(395 48 554)
3(552 51 377)
3(385 65 409)
3(375 102 20)
3(27 108 384)
3(384 27 109)
3(374 13 192)
3(178 34 367)
3(201 27 384)
3(396 87 6)
3(41 123 366)
3(567 278 358)
3(382 98 97)
3(359 113 112)
3(2 404 84)
3(401 2 126)
3(137 138 374)
3(170 394 169)
3(138 139 378)
3(160 376 159)
3(139 140 379)
3(389 105 393)
3(392 120 391)
3(387 142 143)
3(167 168 366)
3(386 90 398)
3(106 389 383)
3(388 393 104)
3(364 158 159)
3(365 121 392)
3(118 363 360)
3(385 107 383)
3(381 388 103)
3(119 360 391)
3(153 154 390)
3(89 397 398)
3(396 86 400)
3(117 367 363)
3(365 361 122)
3(372 375 101)
3(88 395 397)
3(390 109 384)
3(102 375 381)
3(108 385 384)
3(95 94 378)
3(94 374 378)
3(87 396 395)
3(380 91 386)
3(101 100 372)
3(110 109 390)
3(160 161 367)
3(374 93 377)
3(126 125 394)
3(380 377 92)
3(403 170 3)
3(123 361 366)
3(169 370 168)
3(370 124 366)
3(116 376 367)
3(85 400 86)
3(96 371 97)
3(128 129 399)
3(154 155 369)
3(96 95 379)
3(151 152 385)
3(145 372 144)
3(115 376 116)
3(124 370 125)
3(113 362 114)
3(132 133 397)
3(99 373 100)
3(110 369 111)
3(115 114 364)
3(158 362 157)
3(98 387 99)
3(112 111 368)
3(145 146 375)
3(164 392 391)
3(156 368 155)
3(140 141 371)
3(135 136 380)
3(131 396 130)
3(386 134 135)
3(131 132 395)
3(156 157 359)
3(141 142 382)
3(149 389 393)
3(377 136 137)
3(391 360 163)
3(85 84 399)
3(144 373 143)
3(391 163 164)
3(162 163 360)
3(381 146 147)
3(127 3 402)
3(129 130 400)
3(167 361 166)
3(384 152 153)
3(161 162 363)
3(134 386 398)
3(133 398 397)
3(133 134 398)
3(150 151 383)
3(389 150 383)
3(149 150 389)
3(148 388 147)
3(374 377 137)
3(367 161 363)
3(380 136 377)
3(135 380 386)
3(146 381 375)
3(366 361 167)
3(395 132 397)
3(376 160 367)
3(164 165 392)
3(385 383 151)
3(372 145 375)
3(396 131 395)
3(148 393 388)
3(127 2 401)
3(95 378 379)
3(370 366 168)
3(102 381 103)
3(107 385 108)
3(373 144 372)
3(156 359 368)
3(142 387 382)
3(362 359 157)
3(106 105 389)
3(155 368 369)
3(105 104 393)
3(143 373 387)
3(362 158 364)
3(87 395 88)
3(120 392 121)
3(106 383 107)
3(104 103 388)
3(118 117 363)
3(138 378 374)
3(373 372 100)
3(121 365 122)
3(162 360 363)
3(148 149 393)
3(152 384 385)
3(120 119 391)
3(396 400 130)
3(90 89 398)
3(118 360 119)
3(123 122 361)
3(89 88 397)
3(390 154 369)
3(147 388 381)
3(364 376 115)
3(110 390 369)
3(91 90 386)
3(387 98 382)
3(359 112 368)
3(113 359 362)
3(3 128 402)
3(399 400 85)
3(379 378 139)
3(93 92 377)
3(92 91 380)
3(362 364 114)
3(165 166 365)
3(365 166 361)
3(364 159 376)
3(373 99 387)
3(368 111 369)
3(379 140 371)
3(394 125 370)
3(141 382 371)
3(382 97 371)
3(401 170 403)
3(394 370 169)
3(365 392 165)
3(390 384 153)
3(399 129 400)
3(379 371 96)
3(127 403 3)
3(404 402 84)
3(394 170 401)
3(127 404 2)
3(84 402 399)
3(394 401 126)
3(127 401 403)
3(404 127 402)
3(402 128 399)
3(93 374 94)
3(367 117 116)
3(375 102 101)
3(108 384 109)
3(396 87 86)
3(123 366 124)
3(448 447 442)
3(510 435 517)
3(521 441 438)
3(443 518 440)
3(535 511 433)
3(529 444 449)
3(446 533 452)
3(434 437 436)
3(450 463 462)
3(494 482 492)
3(474 473 459)
3(437 511 512)
3(456 457 451)
3(455 454 466)
3(428 431 501)
3(481 475 480)
3(459 472 458)
3(517 439 444)
3(445 443 441)
3(432 435 509)
3(534 475 482)
3(480 512 511)
3(437 512 521)
3(439 442 444)
3(432 509 431)
3(441 446 445)
3(513 520 448)
3(436 439 517)
3(513 448 518)
3(571 540 565)
3(443 445 450)
3(455 468 529)
3(430 429 508)
3(452 458 456)
3(459 458 452)
3(475 534 473)
3(453 454 449)
3(557 494 562)
3(514 516 491)
3(509 478 507)
3(440 442 439)
3(468 455 467)
3(446 451 445)
3(462 513 518)
3(523 520 489)
3(434 435 432)
3(480 474 512)
3(465 470 463)
3(521 512 533)
3(439 436 438)
3(447 523 453)
3(453 449 447)
3(508 493 535)
3(513 464 514)
3(468 467 469)
3(464 513 462)
3(440 439 438)
3(529 468 510)
3(531 479 469)
3(466 524 525)
3(471 456 528)
3(512 474 533)
3(432 430 433)
3(478 510 468)
3(575 417 562)
3(433 434 432)
3(445 522 450)
3(453 460 454)
3(506 572 551)
3(422 426 425)
3(469 478 468)
3(453 461 460)
3(461 453 523)
3(432 431 430)
3(514 520 513)
3(573 410 499)
3(470 526 463)
3(421 164 556)
3(427 428 426)
3(460 498 524)
3(515 464 526)
3(498 487 499)
3(493 481 535)
3(429 428 427)
3(493 508 505)
3(470 504 526)
3(574 410 503)
3(474 480 475)
3(457 471 486)
3(544 149 420)
3(451 522 445)
3(576 496 486)
3(488 487 461)
3(446 452 451)
3(503 554 574)
3(437 438 436)
3(524 569 525)
3(508 433 430)
3(538 528 545)
3(459 533 474)
3(470 485 504)
3(163 411 556)
3(465 522 519)
3(506 505 558)
3(480 511 535)
3(455 449 454)
3(495 560 424)
3(444 447 449)
3(436 517 435)
3(462 518 443)
3(566 537 409)
3(567 412 547)
3(170 169 549)
3(509 510 478)
3(441 521 446)
3(511 434 433)
3(438 441 440)
3(426 501 500)
3(442 518 448)
3(491 490 489)
3(138 553 139)
3(510 517 529)
3(472 459 473)
3(160 159 422)
3(500 568 425)
3(463 464 462)
3(444 529 517)
3(448 523 447)
3(555 412 496)
3(458 472 476)
3(484 470 465)
3(534 477 473)
3(466 525 530)
3(160 422 425)
3(533 446 521)
3(511 437 434)
3(441 443 440)
3(518 442 440)
3(139 547 140)
3(490 503 488)
3(143 142 424)
3(414 168 167)
3(506 413 572)
3(540 541 565)
3(520 523 448)
3(534 482 559)
3(442 447 444)
3(159 158 550)
3(455 529 449)
3(533 459 452)
3(535 481 480)
3(435 434 436)
3(450 462 443)
3(546 560 495)
3(438 437 521)
3(562 154 153)
3(435 510 509)
3(458 528 456)
3(563 498 499)
3(467 530 483)
3(475 473 474)
3(571 133 419)
3(427 558 429)
3(425 161 160)
3(427 426 422)
3(421 532 165)
3(508 535 433)
3(482 475 481)
3(479 502 507)
3(558 413 506)
3(3 170 418)
3(537 544 477)
3(422 159 550)
3(169 168 548)
3(416 145 546)
3(492 481 493)
3(417 575 497)
3(419 132 554)
3(527 423 552)
3(478 469 479)
3(427 422 550)
3(415 135 565)
3(493 505 497)
3(128 499 129)
3(148 543 420)
3(417 155 154)
3(452 456 451)
3(477 542 472)
3(409 152 151)
3(454 460 524)
3(483 532 531)
3(486 471 495)
3(145 144 546)
3(466 454 524)
3(415 541 527)
3(545 564 416)
3(413 558 550)
3(570 530 414)
3(414 167 561)
3(451 457 522)
3(564 146 416)
3(465 463 450)
3(538 416 546)
3(502 479 536)
3(504 423 527)
3(485 547 553)
3(550 558 427)
3(538 546 495)
3(450 522 465)
3(503 573 488)
3(559 557 409)
3(158 157 413)
3(484 496 567)
3(505 506 497)
3(489 490 488)
3(416 146 145)
3(544 566 150)
3(419 540 571)
3(500 501 502)
3(428 430 431)
3(539 419 490)
3(471 538 495)
3(531 421 536)
3(156 155 551)
3(412 141 140)
3(508 429 505)
3(498 563 418)
3(547 485 567)
3(473 477 472)
3(550 158 413)
3(497 492 493)
3(568 161 425)
3(558 505 429)
3(154 562 417)
3(495 424 576)
3(131 130 574)
3(135 134 565)
3(547 139 553)
3(170 549 418)
3(469 483 531)
3(131 554 132)
3(559 537 534)
3(482 481 492)
3(530 467 466)
3(135 415 136)
3(138 137 423)
3(572 157 156)
3(543 147 564)
3(557 559 494)
3(519 457 486)
3(431 509 507)
3(141 555 142)
3(554 503 490)
3(476 543 545)
3(137 136 552)
3(423 137 552)
3(537 477 534)
3(477 544 542)
3(144 143 560)
3(417 497 551)
3(132 419 133)
3(420 542 544)
3(417 551 155)
3(527 541 515)
3(552 136 415)
3(554 131 574)
3(538 545 416)
3(426 428 501)
3(541 540 516)
3(467 455 466)
3(467 483 469)
3(151 566 409)
3(164 163 556)
3(431 507 501)
3(575 494 492)
3(496 519 486)
3(526 464 463)
3(428 429 430)
3(471 457 456)
3(525 549 548)
3(152 409 557)
3(149 544 150)
3(576 486 495)
3(166 532 561)
3(554 490 419)
3(410 129 499)
3(560 143 424)
3(520 514 491)
3(487 573 499)
3(464 515 514)
3(426 500 425)
3(148 147 543)
3(559 482 494)
3(568 500 411)
3(524 498 569)
3(147 146 564)
3(515 541 516)
3(516 539 491)
3(540 419 539)
3(410 130 129)
3(527 515 526)
3(515 516 514)
3(458 476 528)
3(566 544 537)
3(555 424 142)
3(504 527 526)
3(167 166 561)
3(506 551 497)
3(548 168 414)
3(153 152 557)
3(166 165 532)
3(411 162 568)
3(161 568 162)
3(530 525 548)
3(541 415 565)
3(162 411 163)
3(140 547 412)
3(546 144 560)
3(3 418 563)
3(128 563 499)
3(496 424 555)
3(496 576 424)
3(548 414 530)
3(489 488 461)
3(552 415 527)
3(411 536 556)
3(571 134 133)
3(566 151 150)
3(497 575 492)
3(574 130 410)
3(478 479 507)
3(414 561 570)
3(496 412 567)
3(549 169 548)
3(460 487 498)
3(519 496 484)
3(532 421 531)
3(413 157 572)
3(491 489 520)
3(138 423 553)
3(562 153 557)
3(483 570 532)
3(491 539 490)
3(502 411 500)
3(523 489 461)
3(488 573 487)
3(559 409 537)
3(572 156 551)
3(502 536 411)
3(525 569 549)
3(165 164 421)
3(461 487 460)
3(471 528 538)
3(149 148 420)
3(536 421 556)
3(503 410 573)
3(575 562 494)
3(567 485 484)
3(563 128 3)
3(472 542 476)
3(522 457 519)
3(545 543 564)
3(540 539 516)
3(498 418 569)
3(542 543 476)
3(570 483 530)
3(561 532 570)
3(465 519 484)
3(485 553 504)
3(555 141 412)
3(536 479 531)
3(423 504 553)
3(528 476 545)
3(420 543 542)
3(418 549 569)
3(501 507 502)
3(565 134 571)
3(485 470 484)
3(0 43 408)
3(172 43 0)
3(183 0 4)
3(4 0 407)
3(97 98 406)
3(198 30 31)
3(31 30 405)
3(205 16 17)
3(17 16 406)
3(112 113 405)
3(268 267 275)
3(251 246 244)
3(304 242 247)
3(314 233 235)
3(249 243 248)
3(258 300 299)
3(2 84 407)
3(237 239 238)
3(245 240 306)
3(220 78 79)
3(265 262 307)
3(254 260 259)
3(309 308 255)
3(234 255 236)
3(354 63 64)
3(126 2 408)
3(263 252 262)
3(343 333 303)
3(348 303 276)
3(232 317 234)
3(256 257 249)
3(240 241 239)
3(264 286 287)
3(307 236 255)
3(240 243 241)
3(235 234 236)
3(268 301 300)
3(254 247 253)
3(300 301 251)
3(252 245 262)
3(78 357 77)
3(241 242 239)
3(238 305 314)
3(247 246 253)
3(313 250 315)
3(314 305 315)
3(288 257 256)
3(47 332 46)
3(257 258 249)
3(288 298 334)
3(263 264 252)
3(299 241 243)
3(268 276 301)
3(294 297 256)
3(283 254 253)
3(253 246 293)
3(306 236 307)
3(273 285 263)
3(237 235 236)
3(259 266 305)
3(242 241 244)
3(304 305 238)
3(315 305 266)
3(269 257 288)
3(272 355 321)
3(317 272 321)
3(80 347 79)
3(299 244 241)
3(304 259 305)
3(248 245 252)
3(257 267 258)
3(274 308 310)
3(223 1 343)
3(296 302 346)
3(237 236 306)
3(252 294 248)
3(230 326 272)
3(250 349 231)
3(224 310 323)
3(228 216 61)
3(282 261 283)
3(223 328 83)
3(326 330 355)
3(318 269 319)
3(252 264 294)
3(321 309 317)
3(65 212 330)
3(295 251 301)
3(222 356 58)
3(224 335 67)
3(350 55 214)
3(226 47 48)
3(231 230 232)
3(62 228 61)
3(308 274 265)
3(313 271 279)
3(329 327 74)
3(212 321 355)
3(331 60 216)
3(65 330 64)
3(271 266 270)
3(309 321 323)
3(328 348 351)
3(269 267 257)
3(306 307 262)
3(76 215 75)
3(59 222 58)
3(233 231 232)
3(234 233 232)
3(284 283 253)
3(265 274 273)
3(299 243 249)
3(276 302 301)
3(284 290 289)
3(256 248 294)
3(239 304 238)
3(322 280 225)
3(345 324 287)
3(311 336 274)
3(214 56 316)
3(306 240 237)
3(300 244 299)
3(253 293 284)
3(314 235 238)
3(293 246 251)
3(217 70 71)
3(279 341 313)
3(309 255 317)
3(255 308 307)
3(52 312 51)
3(245 243 240)
3(247 259 304)
3(247 242 246)
3(301 302 295)
3(265 273 263)
3(344 224 68)
3(258 267 268)
3(336 217 320)
3(258 268 300)
3(295 291 293)
3(227 73 327)
3(242 244 246)
3(248 243 245)
3(216 60 61)
3(332 337 296)
3(60 331 59)
3(254 259 247)
3(346 213 296)
3(250 231 233)
3(239 237 240)
3(235 237 238)
3(244 300 251)
3(226 340 290)
3(308 265 307)
3(352 347 80)
3(339 227 320)
3(262 265 263)
3(299 249 258)
3(239 242 304)
3(327 73 74)
3(256 249 248)
3(275 276 268)
3(220 298 357)
3(317 255 234)
3(245 306 262)
3(329 75 215)
3(274 336 273)
3(52 338 312)
3(320 227 353)
3(235 233 234)
3(218 282 289)
3(274 310 311)
3(334 220 347)
3(339 71 72)
3(221 62 63)
3(260 261 280)
3(250 233 314)
3(46 332 213)
3(68 224 67)
3(181 64 63)
3(339 320 217)
3(66 212 65)
3(327 286 353)
3(313 277 349)
3(348 275 351)
3(336 342 217)
3(59 331 222)
3(329 74 75)
3(260 266 259)
3(81 352 80)
3(339 217 71)
3(343 1 44)
3(230 272 232)
3(254 261 260)
3(173 78 77)
3(316 56 57)
3(346 303 333)
3(231 349 229)
3(317 232 272)
3(337 290 291)
3(321 212 323)
3(332 296 213)
3(260 280 270)
3(296 295 302)
3(286 329 345)
3(222 279 356)
3(344 311 224)
3(318 267 269)
3(227 72 73)
3(342 344 69)
3(261 254 283)
3(348 276 275)
3(320 353 285)
3(294 264 287)
3(333 213 346)
3(316 279 278)
3(351 219 328)
3(288 334 269)
3(292 50 218)
3(344 68 69)
3(342 70 217)
3(216 229 277)
3(316 356 279)
3(229 230 231)
3(292 218 289)
3(260 270 266)
3(308 309 310)
3(295 293 251)
3(314 315 250)
3(310 309 323)
3(319 334 347)
3(318 275 267)
3(53 338 52)
3(354 330 326)
3(273 336 320)
3(325 77 357)
3(356 316 57)
3(212 66 335)
3(223 83 1)
3(298 297 324)
3(325 298 324)
3(51 218 50)
3(332 47 226)
3(46 213 45)
3(45 333 44)
3(303 302 276)
3(310 224 311)
3(298 288 297)
3(278 279 271)
3(264 285 286)
3(280 261 281)
3(281 225 280)
3(280 322 358)
3(55 350 54)
3(351 275 318)
3(315 271 313)
3(352 81 219)
3(327 353 227)
3(270 280 358)
3(297 288 256)
3(340 48 49)
3(218 51 312)
3(285 273 320)
3(352 219 319)
3(224 323 335)
3(328 223 348)
3(358 278 270)
3(228 221 229)
3(284 289 283)
3(49 292 340)
3(214 55 56)
3(279 222 341)
3(44 333 343)
3(327 329 286)
3(287 324 297)
3(292 289 290)
3(342 336 311)
3(293 291 284)
3(324 215 325)
3(302 303 346)
3(285 264 263)
3(324 345 215)
3(356 57 58)
3(322 214 358)
3(182 79 78)
3(296 337 291)
3(331 216 277)
3(76 177 77)
3(82 328 219)
3(334 319 269)
3(357 78 220)
3(338 281 312)
3(282 281 261)
3(294 287 297)
3(82 219 81)
3(347 352 319)
3(271 315 266)
3(95 14 94)
3(339 72 227)
3(62 210 63)
3(215 76 325)
3(322 350 214)
3(296 291 295)
3(337 226 290)
3(229 221 230)
3(290 284 291)
3(341 277 313)
3(208 65 64)
3(83 328 82)
3(331 277 341)
3(313 349 250)
3(298 220 334)
3(286 345 287)
3(223 303 348)
3(188 28 29)
3(29 28 110)
3(207 18 19)
3(19 18 100)
3(29 30 186)
3(29 111 30)
3(185 17 18)
3(18 17 99)
3(204 15 16)
3(16 15 96)
3(114 32 31)
3(31 32 202)
3(194 49 48)
3(42 43 176)
3(125 43 42)
3(109 110 28)
3(100 101 19)
3(33 115 116)
3(5 190 4)
3(5 4 85)
3(54 225 53)
3(353 286 285)
3(289 282 283)
3(15 193 14)
3(15 14 95)
3(75 211 35)
3(12 196 52)
3(342 69 70)
3(174 80 79)
3(281 282 312)
3(212 355 330)
3(278 214 316)
3(19 184 59)
3(342 311 344)
3(180 62 61)
3(219 318 319)
3(32 33 199)
3(115 33 32)
3(5 6 189)
3(86 6 5)
3(223 343 303)
3(340 226 48)
3(201 28 68)
3(200 52 51)
3(197 48 47)
3(196 53 52)
3(211 75 74)
3(0 1 172)
3(102 103 21)
3(61 209 21)
3(107 108 26)
3(206 50 49)
3(24 105 106)
3(23 104 105)
3(87 88 7)
3(120 121 38)
3(106 107 25)
3(104 22 103)
3(118 35 117)
3(86 5 85)
3(121 122 39)
3(19 20 184)
3(19 101 20)
3(28 201 27)
3(28 27 109)
3(322 225 350)
3(48 197 8)
3(125 126 43)
3(37 119 120)
3(174 79 39)
3(90 9 89)
3(16 96 97)
3(118 119 36)
3(123 40 122)
3(89 8 88)
3(209 61 60)
3(42 179 41)
3(42 41 124)
3(175 76 75)
3(189 45 5)
3(17 98 99)
3(30 111 112)
3(355 272 326)
3(335 66 67)
3(192 14 54)
3(33 178 73)
3(91 10 90)
3(323 212 335)
3(13 14 192)
3(94 14 13)
3(332 226 337)
3(125 42 124)
3(95 96 15)
3(338 225 281)
3(292 290 340)
3(171 81 80)
3(93 12 92)
3(114 31 113)
3(191 6 7)
3(7 6 87)
3(0 183 1)
3(11 91 92)
3(178 74 73)
3(53 192 54)
3(21 209 20)
3(21 20 102)
3(26 27 187)
3(108 27 26)
3(34 178 33)
3(34 33 116)
3(40 41 171)
3(123 41 40)
3(115 32 114)
3(184 60 59)
3(354 221 63)
3(66 26 187)
3(80 40 171)
3(18 99 100)
3(211 34 35)
3(35 34 117)
3(111 29 110)
3(172 1 83)
3(81 171 41)
3(350 225 54)
3(191 7 47)
3(199 73 72)
3(39 40 174)
3(39 122 40)
3(21 22 180)
3(103 22 21)
3(203 25 26)
3(26 25 107)
3(13 196 12)
3(13 12 93)
3(195 51 50)
3(8 7 88)
3(197 7 8)
3(207 59 58)
3(46 191 47)
3(190 45 44)
3(175 35 36)
3(36 35 118)
3(182 38 39)
3(39 38 121)
3(202 72 71)
3(22 23 210)
3(104 23 22)
3(208 24 25)
3(25 24 106)
3(186 70 69)
3(185 58 57)
3(38 173 37)
3(38 37 120)
3(181 23 24)
3(24 23 105)
3(72 32 199)
3(198 71 70)
3(326 221 354)
3(45 189 46)
3(191 46 6)
3(10 9 90)
3(206 9 10)
3(347 220 79)
3(8 9 194)
3(89 9 8)
3(62 180 22)
3(188 69 68)
3(36 37 177)
3(119 37 36)
3(42 82 179)
3(203 66 65)
3(338 53 225)
3(209 60 20)
3(11 12 200)
3(92 12 11)
3(183 44 1)
3(11 195 10)
3(11 10 91)
3(270 278 271)
3(38 182 78)
3(357 298 325)
3(34 211 74)
3(221 326 230)
3(53 196 13)
3(329 215 345)
3(64 330 354)
3(84 85 4)
3(43 83 176)
3(81 179 82)
3(58 18 207)
3(29 69 188)
3(208 64 24)
3(25 203 65)
3(80 174 40)
3(193 54 14)
3(229 216 228)
3(176 83 82)
3(193 55 54)
3(177 37 77)
3(277 229 349)
3(21 180 61)
3(200 51 11)
3(197 47 7)
3(55 193 15)
3(59 207 19)
3(173 77 37)
3(33 73 199)
3(175 75 35)
3(52 200 12)
3(210 23 63)
3(49 194 9)
3(76 175 36)
3(181 24 64)
3(205 57 56)
3(8 194 48)
3(62 221 228)
3(182 39 79)
3(28 188 68)
3(78 173 38)
3(31 202 71)
3(187 67 66)
3(201 68 67)
3(190 5 45)
3(66 203 26)
3(210 62 22)
3(181 63 23)
3(67 187 27)
3(32 72 202)
3(30 70 186)
3(57 17 185)
3(4 190 44)
3(71 198 31)
3(206 49 9)
3(69 29 186)
3(185 18 58)
3(57 205 17)
3(30 198 70)
3(195 11 51)
3(204 56 55)
3(82 42 176)
3(65 208 25)
3(204 16 56)
3(36 177 76)
3(204 55 15)
3(4 44 183)
3(56 16 205)
3(195 50 10)
3(43 172 83)
3(206 10 50)
3(17 406 98)
3(112 405 30)
3(16 97 406)
3(31 405 113)
3(43 126 408)
3(2 0 408)
3(84 4 407)
3(0 2 407)
3(45 213 333)
3(318 219 351)
3(325 76 77)
3(312 282 218)
3(189 6 46)
3(179 81 41)
3(49 50 292)
3(93 94 13)
3(117 34 116)
3(341 222 331)
3(184 20 60)
3(102 20 101)
3(108 109 27)
3(13 192 53)
3(34 74 178)
3(201 67 27)
3(87 6 86)
3(123 124 41)
3(278 358 214)
)


// ************************************************************************* //
