/*--------------------------------*- C++ -*----------------------------------*\
  =========                 |
  \\      /  F ield         | OpenFOAM: The Open Source CFD Toolbox
   \\    /   O peration     | Website:  https://openfoam.org
    \\  /    A nd           | Version:  dev
     \\/     M anipulation  |
\*---------------------------------------------------------------------------*/
FoamFile
{
    format      ascii;
    class       faceZoneList;
    location    "constant/shower/polyMesh";
    object      faceZones;
}
// * * * * * * * * * * * * * * * * * * * * * * * * * * * * * * * * * * * * * //

5
(
waterWallShower
{
    type faceZone;
faceLabels      List<label> 
164
(
3314
3315
3318
3320
3492
3507
3597
3600
3612
3620
3627
3629
3631
3633
3635
3638
3639
3640
3645
3650
3652
3653
3655
3659
3661
3663
3665
3669
3670
3671
3672
3673
3674
3676
3678
3688
3690
3693
3696
3702
3703
3705
3706
3711
3712
3715
3722
3725
3727
3729
3730
3731
3733
3735
3737
3740
3742
3743
3745
3748
3749
3751
3752
3753
3755
3757
3759
3761
3763
3764
3765
3766
3767
3769
3771
3772
3774
3776
3777
3778
3780
3782
3783
3785
3786
3788
3790
3792
3793
3794
3796
3797
3799
3800
3802
3803
3806
3808
3810
3814
3815
3816
3817
3818
3819
3820
3821
3823
3824
3825
3827
3828
3829
3830
3831
3832
3833
3834
3835
3836
3837
3838
3839
3840
3841
3843
3844
3845
3846
3847
3848
3849
3850
3851
3852
3853
3854
3855
3856
3857
3858
3859
3860
3861
3862
3863
3864
3865
3866
3867
3868
3869
3870
3871
3872
3873
3874
3875
3888
3889
3894
3897
3898
3899
)
;
flipMap         List<bool> 164{true};
}

showerInnerWall
{
    type faceZone;
faceLabels      List<label> 
164
(
3314
3315
3318
3320
3492
3507
3597
3600
3612
3620
3627
3629
3631
3633
3635
3638
3639
3640
3645
3650
3652
3653
3655
3659
3661
3663
3665
3669
3670
3671
3672
3673
3674
3676
3678
3688
3690
3693
3696
3702
3703
3705
3706
3711
3712
3715
3722
3725
3727
3729
3730
3731
3733
3735
3737
3740
3742
3743
3745
3748
3749
3751
3752
3753
3755
3757
3759
3761
3763
3764
3765
3766
3767
3769
3771
3772
3774
3776
3777
3778
3780
3782
3783
3785
3786
3788
3790
3792
3793
3794
3796
3797
3799
3800
3802
3803
3806
3808
3810
3814
3815
3816
3817
3818
3819
3820
3821
3823
3824
3825
3827
3828
3829
3830
3831
3832
3833
3834
3835
3836
3837
3838
3839
3840
3841
3843
3844
3845
3846
3847
3848
3849
3850
3851
3852
3853
3854
3855
3856
3857
3858
3859
3860
3861
3862
3863
3864
3865
3866
3867
3868
3869
3870
3871
3872
3873
3874
3875
3888
3889
3894
3897
3898
3899
)
;
flipMap         List<bool> 164{true};
}

waterOutlet
{
    type faceZone;
faceLabels      List<label> 
333
(
3323
3324
3325
3326
3327
3328
3330
3331
3332
3333
3334
3335
3336
3337
3339
3340
3341
3342
3343
3344
3345
3346
3347
3348
3349
3350
3351
3352
3353
3354
3355
3356
3357
3358
3359
3360
3361
3362
3363
3364
3365
3366
3367
3368
3369
3370
3371
3372
3373
3374
3375
3376
3377
3378
3379
3380
3381
3382
3383
3384
3385
3386
3387
3388
3389
3390
3391
3392
3393
3394
3395
3396
3397
3398
3399
3400
3401
3402
3403
3404
3405
3406
3407
3408
3409
3410
3411
3412
3413
3414
3415
3416
3417
3418
3419
3420
3421
3422
3423
3424
3425
3426
3427
3428
3429
3430
3431
3432
3433
3434
3435
3436
3437
3438
3439
3440
3441
3442
3443
3444
3445
3446
3447
3448
3449
3450
3451
3452
3453
3454
3455
3456
3457
3458
3459
3460
3461
3462
3463
3464
3465
3466
3467
3468
3469
3470
3471
3472
3473
3474
3475
3476
3477
3478
3479
3480
3481
3482
3483
3484
3485
3486
3487
3488
3489
3490
3491
3493
3494
3495
3496
3497
3498
3499
3500
3501
3502
3503
3504
3505
3506
3508
3509
3510
3511
3512
3513
3514
3515
3516
3517
3518
3519
3520
3521
3522
3523
3524
3525
3526
3527
3528
3529
3530
3531
3532
3533
3534
3535
3536
3537
3538
3539
3540
3541
3542
3543
3544
3545
3546
3547
3548
3549
3550
3551
3552
3553
3554
3555
3556
3557
3558
3559
3560
3561
3562
3563
3564
3565
3566
3567
3568
3569
3570
3571
3572
3573
3574
3575
3576
3577
3578
3579
3580
3581
3582
3583
3584
3585
3586
3587
3588
3589
3590
3591
3592
3593
3594
3595
3596
3598
3599
3601
3602
3603
3604
3605
3606
3607
3608
3609
3611
3613
3614
3615
3616
3617
3618
3619
3621
3622
3623
3624
3625
3626
3647
3648
3649
3654
3656
3657
3658
3660
3662
3667
3668
3692
3709
3710
3714
3717
3720
3721
3741
3750
3784
3789
3798
3805
3807
3809
3811
3812
3822
3826
3842
3884
3885
3886
3887
3890
3893
3902
)
;
flipMap         List<bool> 333{true};
}

showerInlet
{
    type faceZone;
faceLabels      List<label> 
333
(
3323
3324
3325
3326
3327
3328
3330
3331
3332
3333
3334
3335
3336
3337
3339
3340
3341
3342
3343
3344
3345
3346
3347
3348
3349
3350
3351
3352
3353
3354
3355
3356
3357
3358
3359
3360
3361
3362
3363
3364
3365
3366
3367
3368
3369
3370
3371
3372
3373
3374
3375
3376
3377
3378
3379
3380
3381
3382
3383
3384
3385
3386
3387
3388
3389
3390
3391
3392
3393
3394
3395
3396
3397
3398
3399
3400
3401
3402
3403
3404
3405
3406
3407
3408
3409
3410
3411
3412
3413
3414
3415
3416
3417
3418
3419
3420
3421
3422
3423
3424
3425
3426
3427
3428
3429
3430
3431
3432
3433
3434
3435
3436
3437
3438
3439
3440
3441
3442
3443
3444
3445
3446
3447
3448
3449
3450
3451
3452
3453
3454
3455
3456
3457
3458
3459
3460
3461
3462
3463
3464
3465
3466
3467
3468
3469
3470
3471
3472
3473
3474
3475
3476
3477
3478
3479
3480
3481
3482
3483
3484
3485
3486
3487
3488
3489
3490
3491
3493
3494
3495
3496
3497
3498
3499
3500
3501
3502
3503
3504
3505
3506
3508
3509
3510
3511
3512
3513
3514
3515
3516
3517
3518
3519
3520
3521
3522
3523
3524
3525
3526
3527
3528
3529
3530
3531
3532
3533
3534
3535
3536
3537
3538
3539
3540
3541
3542
3543
3544
3545
3546
3547
3548
3549
3550
3551
3552
3553
3554
3555
3556
3557
3558
3559
3560
3561
3562
3563
3564
3565
3566
3567
3568
3569
3570
3571
3572
3573
3574
3575
3576
3577
3578
3579
3580
3581
3582
3583
3584
3585
3586
3587
3588
3589
3590
3591
3592
3593
3594
3595
3596
3598
3599
3601
3602
3603
3604
3605
3606
3607
3608
3609
3611
3613
3614
3615
3616
3617
3618
3619
3621
3622
3623
3624
3625
3626
3647
3648
3649
3654
3656
3657
3658
3660
3662
3667
3668
3692
3709
3710
3714
3717
3720
3721
3741
3750
3784
3789
3798
3805
3807
3809
3811
3812
3822
3826
3842
3884
3885
3886
3887
3890
3893
3902
)
;
flipMap         List<bool> 333{true};
}

waterWallPiston
{
    type faceZone;
faceLabels      List<label> 0();
flipMap         List<bool> 0();
}
)

// ************************************************************************* //
