/*--------------------------------*- C++ -*----------------------------------*\
  =========                 |
  \\      /  F ield         | OpenFOAM: The Open Source CFD Toolbox
   \\    /   O peration     | Website:  https://openfoam.org
    \\  /    A nd           | Version:  dev
     \\/     M anipulation  |
\*---------------------------------------------------------------------------*/
FoamFile
{
    format      ascii;
    class       labelList;
    note        "nPoints:577  nCells:1664  nFaces:3903  nInternalFaces:2753";
    location    "constant/shower/polyMesh";
    object      neighbour;
}
// * * * * * * * * * * * * * * * * * * * * * * * * * * * * * * * * * * * * * //


2753
(
1601
1602
1510
1604
801
843
1595
1599
1594
1598
844
861
7
11
545
585
18
498
12
21
561
602
13
14
22
33
26
43
612
18
574
34
509
14
468
548
625
20
30
568
613
25
29
593
601
19
38
553
664
485
538
59
483
49
488
34
558
33
605
28
39
580
668
31
40
600
629
53
532
63
455
525
1534
1605
76
452
53
536
49
567
79
502
258
318
1097
439
521
469
504
41
42
606
765
52
68
640
792
44
71
598
886
59
597
76
596
79
556
75
766
75
560
63
746
927
120
493
47
50
623
130
225
1045
50
197
222
54
67
206
212
444
492
101
296
190
240
1412
121
522
463
473
67
556
62
137
1013
88
109
197
206
1295
1581
66
140
165
420
701
81
98
845
1000
176
199
1270
133
730
1165
987
91
98
981
96
368
835
297
315
596
107
288
121
623
93
141
184
239
83
134
179
239
120
670
74
114
184
227
78
105
605
114
567
529
776
413
489
125
163
522
105
132
299
431
471
152
200
228
252
98
1184
118
129
216
252
134
536
108
171
187
238
89
142
216
221
103
340
399
670
94
97
116
290
197
493
142
558
131
147
230
242
98
841
990
237
244
345
365
184
502
116
625
101
138
664
360
739
973
99
115
290
115
335
461
111
134
153
249
138
296
465
1295
1581
1596
158
501
117
193
202
230
146
264
136
191
217
242
110
145
288
187
532
206
452
145
613
153
585
119
182
187
232
144
188
196
256
122
259
922
175
255
193
560
216
488
182
574
403
491
428
445
127
178
259
234
380
438
668
140
177
629
163
377
523
204
250
942
178
602
183
185
442
486
252
483
310
1003
1038
230
509
155
156
299
137
902
249
181
238
320
424
217
581
759
1005
166
226
142
154
210
254
177
315
239
468
254
186
193
246
248
161
189
256
166
215
159
189
264
242
498
433
1616
1624
182
231
344
381
173
286
900
1169
153
178
195
220
228
902
220
210
606
156
328
365
1023
208
482
628
170
192
340
189
601
168
427
565
597
189
593
198
211
854
168
427
247
263
730
167
174
297
215
226
174
337
461
247
236
246
405
430
192
640
238
455
223
314
1188
317
855
1067
177
209
255
364
630
1051
209
195
239
439
260
261
1034
238
612
231
292
922
227
292
1023
246
833
232
196
345
411
408
970
1502
242
485
243
251
248
210
213
219
319
561
987
222
214
437
513
364
783
1173
252
420
447
958
1116
1613
230
469
287
549
1004
1610
355
719
1138
323
361
833
1036
212
326
401
581
425
966
978
600
219
214
1011
1028
413
218
229
319
1067
568
221
325
476
228
229
414
765
545
444
403
359
708
1281
594
737
766
310
907
911
553
431
414
1119
538
463
324
897
1160
1606
373
397
373
438
650
854
246
1036
365
855
408
999
1252
251
339
391
251
792
345
991
586
818
1639
263
565
529
473
355
1097
1261
547
466
541
781
1483
504
548
525
333
370
886
663
1172
1227
492
261
1046
1081
291
441
413
489
556
629
276
301
521
431
471
567
613
403
491
623
640
437
513
596
668
442
486
605
625
347
848
1035
1609
327
386
550
603
483
488
553
568
444
492
558
602
515
530
773
428
445
597
664
439
521
536
601
301
627
791
463
473
574
585
455
525
532
593
469
504
560
606
468
502
548
600
498
509
545
561
612
739
746
835
304
309
332
511
390
396
807
452
493
580
598
317
1491
303
372
471
316
551
749
761
442
441
1056
1068
1108
1158
372
406
423
432
485
538
581
889
449
472
627
445
437
321
526
550
1266
486
305
747
775
1165
398
448
790
884
740
746
1004
336
381
511
732
863
1361
342
470
1086
1249
407
490
742
1155
677
725
750
770
332
424
440
976
369
379
698
392
557
693
769
450
527
725
880
359
919
1365
489
378
667
711
986
663
1177
1463
790
424
739
591
603
1400
456
713
1215
571
1225
955
1607
343
405
476
533
889
1206
376
657
365
711
522
775
792
863
331
681
946
1249
535
1361
1238
366
370
397
434
542
827
461
845
381
1206
461
841
357
477
1221
1401
547
946
1361
491
454
756
955
1418
388
395
405
1034
381
889
411
523
544
825
881
1274
1608
422
607
752
1124
350
462
607
817
422
658
420
701
730
902
429
531
969
1444
443
874
1088
1241
505
1007
1009
1227
371
435
520
519
1183
1321
554
566
819
1376
1038
368
1173
571
1007
384
457
920
1053
400
552
1002
1035
397
598
555
966
1643
1058
1189
516
826
1281
675
697
385
539
432
740
1175
475
651
1201
1290
764
771
1090
386
1037
1052
523
775
695
1630
516
867
883
397
580
389
528
760
878
487
577
770
1178
457
1005
652
654
839
760
529
776
833
1007
470
728
993
480
528
637
419
859
1140
478
648
551
643
482
659
1157
817
879
887
1026
499
696
419
1066
1238
688
1119
501
907
481
857
1131
533
1059
1179
412
656
878
1203
510
693
743
1278
430
423
1040
457
1013
1020
416
620
829
1435
436
575
758
1245
827
751
760
1291
759
543
657
714
1017
587
684
1428
537
736
1026
480
755
1635
1207
586
1117
1166
1464
960
853
1220
440
482
933
517
795
1084
1179
428
721
1126
1600
1046
1058
824
934
1047
632
914
1256
657
731
1017
669
768
1389
513
973
1150
972
979
655
764
1626
1114
1612
688
1471
734
1241
1521
677
1162
690
723
1099
1252
655
1333
1627
678
897
1487
487
577
869
490
765
766
790
884
464
720
875
1057
694
1184
1615
658
887
675
1175
1295
1559
1602
832
1048
512
761
820
1230
1210
734
1013
1165
588
750
782
1121
916
1321
1059
519
896
1388
905
946
1249
628
891
978
1284
637
1054
552
1170
703
589
729
945
1001
562
822
896
1388
607
752
784
1637
507
724
828
599
653
1645
821
1086
1502
670
886
907
911
540
583
578
842
1073
1279
691
737
1009
588
652
654
782
811
1037
1501
622
847
1097
1177
557
983
1411
807
551
963
1350
543
684
714
829
630
856
1270
708
819
866
744
814
1057
1095
731
981
1223
544
806
1170
1250
1663
591
936
1162
1037
856
955
1125
721
1032
1500
1137
854
880
936
1028
681
932
952
850
879
1136
839
1011
1223
583
648
796
832
1127
632
991
1094
603
1380
808
980
1471
863
914
1611
751
1048
1123
800
949
704
1031
1279
752
748
1025
1113
1618
904
848
859
1030
804
840
865
1314
701
569
933
703
797
800
618
1217
1218
1076
1107
851
1167
1240
712
767
669
1168
1232
1242
677
899
1387
757
1082
1113
1062
1104
1282
1045
1063
1176
1280
1008
620
725
862
897
1561
675
697
875
976
684
1428
781
944
1087
1127
737
805
808
1012
1190
1292
975
1025
1141
923
1293
1448
685
892
1098
1298
813
1275
1462
810
1276
1356
1014
1134
1286
627
791
1085
1521
733
898
783
848
1035
1207
882
982
1056
1064
722
931
1537
1021
1326
1343
865
1314
674
705
1621
871
1169
700
1298
1509
1622
1228
1234
1632
1237
1443
799
689
1259
1260
1429
647
836
1641
692
1258
1262
649
1083
1657
1163
1283
1648
1501
1257
1403
1650
641
1120
1288
985
1652
1111
1331
1658
769
979
1088
653
710
1103
1141
1151
1324
1396
716
934
1526
1212
1263
796
905
1211
1268
936
1175
916
930
943
880
890
1017
994
1482
751
1033
1075
703
967
1274
772
956
962
1491
1229
1247
1628
855
900
991
1094
1105
845
922
1000
1108
1130
1323
1335
749
1393
1517
1098
1298
961
1359
1408
774
1090
1103
1386
823
882
1618
1342
1459
1620
706
772
1614
756
1080
1306
1660
682
741
924
1193
1086
699
1463
687
770
840
913
698
831
957
1253
750
865
1121
1390
1481
1347
1436
1515
947
1412
737
776
1315
1441
1524
963
828
1072
1614
918
1393
1540
821
1069
1484
911
838
741
1169
1177
762
1623
754
984
1654
968
1642
1309
1320
956
1055
1158
827
914
927
987
906
727
883
895
1349
774
890
726
910
1033
1313
869
1095
1236
782
1271
1345
1488
809
968
1024
826
976
1003
1156
837
872
1373
780
830
1272
814
1175
999
1553
947
1042
811
981
1184
986
1023
1158
951
950
1646
862
1171
1489
1052
747
952
906
1188
1492
1155
745
1385
1499
850
988
1006
938
1647
835
900
846
1001
983
869
1162
1297
1516
1519
1380
1497
1141
1619
979
1266
794
935
1166
1213
1360
1054
1106
1128
1125
1507
858
1082
1624
1008
1142
834
1180
1379
1451
1102
1353
1392
771
994
910
1087
1307
1008
1010
784
992
1009
1195
799
1079
1398
932
952
970
1458
809
968
1254
857
903
1153
851
1544
1222
1066
1636
841
990
1011
1067
807
1137
1140
1206
857
1131
1296
1333
876
1420
1425
912
1422
1427
825
802
1384
1410
1010
1029
1139
866
1150
1374
1030
1274
849
971
998
1311
1051
1126
1030
843
1416
1598
1363
1435
1529
816
919
937
1135
808
884
1174
1662
980
1145
1204
1300
1437
1522
1052
1208
1337
1357
1302
1438
1551
1162
1209
1339
1358
950
1018
1365
1050
1027
1463
1464
949
963
1020
904
1002
1519
974
1064
1225
934
1073
881
1085
838
870
1121
851
1138
867
921
1170
1250
1005
1119
1390
1278
1411
1640
915
964
1186
1156
1253
1028
1135
1447
899
1031
1264
1594
861
1265
1595
1182
1636
871
1261
1096
1250
1528
996
1243
877
1610
1413
872
1625
1030
1207
1018
1100
1133
1338
1231
1599
1160
1518
954
960
1124
1304
1144
1194
895
915
1186
1214
1072
1196
1501
1491
1495
964
1113
1036
1046
1081
1225
972
1521
1156
1322
1442
1527
1015
1092
1112
1377
894
1149
1082
898
939
1044
1417
1540
894
919
1038
1045
1374
930
943
1237
913
1109
1509
1373
1382
944
1136
951
1468
903
906
1349
1144
1194
940
1642
1002
1433
1123
1470
1210
1547
1034
1059
1150
1179
1060
1128
1196
1216
1075
1453
1364
1468
1543
1171
1489
975
1183
1016
1101
1042
1631
1053
1390
957
971
1236
1319
1445
1530
959
1094
1071
1197
933
966
1031
1376
1004
1076
1090
1107
1248
1056
1068
1387
1409
1474
999
1181
1502
1024
1029
1117
1429
950
1210
1374
1018
1338
1646
1330
1393
978
1284
1643
1115
1644
1118
1613
1115
1075
1016
1101
1457
1540
1565
958
1014
1116
1084
1140
971
1311
1019
1494
1505
1185
986
1095
1041
1089
1117
1193
1429
1185
1442
1391
1477
1531
1195
1495
1278
1025
1049
1074
1157
1342
1049
1608
1051
1609
1332
1517
1548
977
1076
1619
1644
1066
1173
1238
1022
1626
1082
1409
1124
1304
1266
1400
1655
1321
1401
1653
989
1006
1053
1053
1481
1223
1009
1107
1381
1647
1386
1022
1244
1627
1123
1354
1470
1116
1138
1096
1236
1452
1336
1615
1026
1050
1281
1174
1166
1132
1325
1446
1541
1089
1520
1143
1220
1178
1308
1383
1444
1549
1181
1348
1465
1539
1043
1279
1105
1638
1256
1146
1608
1185
1065
1079
1125
1378
1093
1607
1114
1327
1187
1366
1662
1149
1330
1395
1624
1354
1146
1459
1637
1196
1108
1615
1253
1093
1072
1195
1180
1631
1317
1450
1571
1318
1449
1552
1081
1507
1593
1194
1154
1159
1484
1239
1534
1550
1583
1087
1222
1307
1395
1146
1131
1244
1663
1172
1190
1541
1467
1478
1245
1306
1389
1492
1547
1656
1137
1548
1161
1573
1142
1638
1109
1143
1189
1413
1215
1305
1132
1122
1187
1294
1506
1215
1305
1402
1447
1555
1248
1154
1159
1513
1415
1114
1634
1132
1377
1634
1284
1331
1443
1139
1611
1201
1645
1138
1147
1261
1495
1288
1375
1176
1552
1467
1136
1612
1164
1232
1382
1479
1518
1570
1139
1365
1506
1546
1346
1469
1573
1178
1308
1245
1639
1160
1171
1376
1343
1526
1500
1216
1612
1426
1526
1273
1399
1480
1568
1381
1484
1333
1433
1482
1181
1182
1237
1571
1182
1636
1230
1283
1350
1303
1426
1617
1316
1454
1544
1344
1461
1562
1415
1490
1366
1294
1533
1230
1630
1241
1504
1313
1224
1440
1362
1506
1270
1490
1493
1422
1543
1420
1527
1464
1216
1222
1483
1485
1358
1563
1357
1564
1345
1582
1229
1392
1555
1228
1377
1343
1539
1335
1570
1431
1453
1564
1432
1452
1563
1268
1329
1263
1328
1360
1406
1408
1644
1310
1455
1537
1312
1455
1553
1505
1549
1606
1433
1504
1538
1373
1396
1385
1516
1272
1233
1291
1235
1290
1372
1457
1560
1303
1591
1234
1530
1319
1421
1247
1531
1342
1478
1532
1550
1340
1454
1528
1369
1461
1591
1354
1483
1485
1296
1662
1259
1515
1639
1391
1439
1619
1263
1411
1574
1336
1258
1642
1356
1522
1630
1611
1338
1403
1546
1289
1334
1341
1424
1325
1341
1436
1334
1348
1441
1574
1370
1538
1566
1371
1457
1567
1410
1529
1285
1577
1320
1621
1503
1569
1582
1490
1380
1417
1497
1317
1438
1514
1318
1437
1466
1381
1462
1647
1312
1449
1533
1310
1450
1513
1301
1575
1547
1577
1340
1469
1520
1408
1531
1645
1367
1576
1524
1643
1498
1496
1316
1446
1493
1346
1445
1536
1336
1627
1388
1576
1476
1559
1596
1575
1404
1575
1585
1562
1322
1371
1419
1578
1370
1372
1355
1383
1459
1432
1431
1402
1580
1355
1574
1508
1518
1590
1369
1480
1588
1344
1465
1535
1448
1634
1641
1657
1517
1548
1434
1580
1412
1458
1565
1539
1508
1370
1453
1557
1371
1452
1556
1541
1535
1572
1578
1364
1475
1379
1623
1448
1530
1635
1372
1447
1545
1569
1549
1362
1466
1557
1556
1399
1477
1523
1368
1579
1631
1428
1579
1577
1471
1481
1401
1576
1400
1579
1382
1652
1635
1467
1472
1484
1617
1500
1402
1435
1456
1525
1398
1395
1430
1545
1434
1658
1409
1440
1588
1476
1510
1532
1474
1542
1414
1585
1648
1414
1650
1654
1419
1660
1523
1456
1607
1585
1424
1486
1538
1586
1565
1423
1487
1592
1578
1511
1632
1512
1589
1596
1638
1431
1442
1511
1526
1616
1432
1468
1512
1622
1660
1580
1628
1568
1460
1494
1536
1472
1479
1509
1555
1497
1620
1658
1473
1514
1552
1600
1503
1570
1551
1646
1504
1640
1648
1584
1593
1532
1489
1542
1486
1488
1561
1569
1572
1506
1544
1558
1587
1632
1655
1628
1653
1503
1519
1525
1542
1558
1592
1603
1534
1605
1564
1563
1537
1571
1578
1576
1528
1575
1568
1580
1582
1574
1579
1593
1553
1604
1562
1573
1577
1560
1554
1587
1585
1650
1656
1567
1566
1583
1584
1602
1599
1590
1594
1595
1586
1597
1601
1604
1605
1598
1600
1591
1597
1603
1603
1596
1601
1603
1607
1609
1611
1613
1615
1617
1625
1619
1621
1659
1623
1661
1625
1627
1629
1652
1631
1633
1654
1635
1637
1639
1641
1649
1643
1645
1647
1649
1651
1657
1653
1655
1657
1659
1661
1663
)


// ************************************************************************* //
