/*--------------------------------*- C++ -*----------------------------------*\
  =========                 |
  \\      /  F ield         | OpenFOAM: The Open Source CFD Toolbox
   \\    /   O peration     | Website:  https://openfoam.org
    \\  /    A nd           | Version:  dev
     \\/     M anipulation  |
\*---------------------------------------------------------------------------*/
FoamFile
{
    format      ascii;
    class       labelList;
    note        "nPoints:577  nCells:1664  nFaces:3903  nInternalFaces:2753";
    location    "constant/shower/polyMesh";
    object      owner;
}
// * * * * * * * * * * * * * * * * * * * * * * * * * * * * * * * * * * * * * //


3903
(
0
0
1
1
2
2
3
3
4
4
5
5
6
6
6
6
7
7
8
8
8
8
9
9
9
9
10
10
10
11
11
12
12
13
13
13
14
15
15
15
15
16
16
16
16
17
17
17
17
18
18
19
19
20
20
21
21
22
22
23
23
23
23
24
24
24
24
25
25
26
26
26
27
27
28
28
29
29
30
30
31
31
32
32
32
33
33
34
34
35
35
35
35
36
36
36
36
37
37
37
37
38
38
39
39
40
40
41
41
42
42
43
43
43
44
44
45
45
45
46
46
46
47
47
47
48
48
48
48
49
49
50
50
51
51
51
52
52
53
53
54
54
55
55
55
56
56
56
56
57
57
58
58
58
59
59
60
60
60
60
61
61
61
62
62
62
63
64
64
64
65
65
65
66
66
66
67
67
68
68
69
69
69
69
70
70
70
70
71
71
72
72
72
72
73
73
73
74
74
75
75
76
76
77
77
77
78
78
78
79
79
80
80
80
80
81
81
82
82
82
82
83
83
84
84
84
84
85
85
85
85
86
86
86
86
87
87
87
87
88
88
89
89
90
90
90
90
91
91
91
92
92
92
92
93
93
94
94
95
95
95
96
96
96
97
97
97
99
99
99
100
100
100
100
101
101
102
102
102
102
103
103
104
104
104
104
105
105
106
106
106
106
107
107
107
108
108
109
109
110
110
111
111
112
112
112
112
113
113
113
113
114
114
115
116
116
117
117
118
118
119
119
120
120
121
121
122
122
122
123
123
123
123
124
124
124
125
125
125
126
126
126
127
127
128
128
128
128
129
129
130
130
130
131
131
132
132
132
133
133
134
135
135
135
135
136
136
137
137
138
138
139
139
139
139
140
140
141
141
142
143
143
143
143
144
144
144
145
145
146
146
146
147
147
148
148
148
149
149
149
149
150
150
150
150
151
151
151
151
152
152
153
154
154
155
155
155
156
157
157
157
158
158
158
159
159
160
160
160
160
161
161
162
162
162
163
163
164
164
164
165
165
165
166
166
167
167
167
168
169
169
169
169
170
170
171
171
172
172
172
173
173
174
175
175
175
176
176
176
177
178
179
179
180
180
180
181
181
182
183
183
184
185
185
186
186
187
188
188
188
190
190
190
191
191
192
192
193
194
194
194
194
195
196
197
198
198
198
199
199
199
200
200
201
201
201
201
202
202
203
203
203
203
204
204
204
205
205
205
205
206
207
207
207
208
208
208
209
210
211
211
211
212
213
213
213
214
215
216
217
217
218
218
218
219
220
221
222
223
223
223
224
224
224
225
225
225
226
227
228
229
231
232
233
233
233
233
234
234
235
235
235
235
236
236
237
237
240
240
240
241
241
241
243
243
244
244
245
245
245
247
247
248
249
250
250
250
251
253
253
253
253
254
255
256
257
257
257
258
258
258
259
260
260
260
261
261
262
262
262
262
263
263
264
265
265
265
265
266
266
266
266
267
267
267
267
268
268
268
268
269
269
269
269
270
270
270
270
271
271
271
271
272
272
272
272
273
273
273
274
274
274
274
275
275
275
275
276
276
276
277
277
277
277
278
278
278
278
279
279
279
279
280
280
280
280
281
281
281
281
282
282
282
282
283
283
283
283
284
284
284
285
285
285
285
286
286
287
287
288
289
289
289
289
290
291
291
291
292
292
293
293
293
293
294
294
294
294
295
295
295
296
297
298
298
298
298
299
300
300
300
301
302
302
302
302
303
303
303
304
304
304
305
305
305
306
306
306
306
307
307
307
307
308
308
308
308
309
309
309
310
311
311
311
312
312
312
312
313
313
313
313
314
314
314
315
316
316
317
317
318
318
318
319
320
320
321
321
321
322
322
322
323
323
324
324
325
325
325
326
326
326
327
327
328
328
329
329
329
329
330
330
330
330
331
331
332
333
333
333
334
334
334
335
335
336
336
337
337
338
338
338
338
339
339
339
340
341
341
341
341
342
342
343
343
344
344
345
346
346
346
346
347
347
348
348
348
348
349
349
349
349
350
350
351
351
351
351
352
352
352
352
353
353
353
353
354
354
354
355
356
356
356
357
357
357
358
358
358
358
359
360
360
361
361
362
362
362
362
363
363
363
364
366
366
367
367
367
368
368
369
369
369
370
370
371
371
372
372
373
374
374
374
374
375
375
375
376
376
376
377
377
378
378
379
379
379
380
380
382
382
382
382
383
383
383
383
384
384
385
385
385
386
387
387
387
387
388
388
388
389
389
389
390
390
390
391
391
392
392
393
393
393
394
394
394
394
395
395
396
396
396
398
398
399
399
400
400
400
401
401
401
402
402
402
402
404
404
404
404
405
406
406
407
407
408
409
409
409
409
410
410
410
410
411
412
412
412
414
415
415
415
415
416
416
416
417
417
417
418
418
418
419
421
421
421
421
422
423
423
424
425
425
426
426
426
426
427
429
429
429
430
432
433
433
433
434
434
434
435
435
435
436
436
436
438
440
441
443
443
446
446
446
447
447
448
448
449
449
449
450
450
451
451
451
451
453
453
453
454
454
454
456
456
456
457
458
458
458
458
459
459
459
459
460
460
460
462
462
464
464
465
465
465
466
466
467
467
467
467
470
472
472
472
474
474
474
474
475
475
476
477
477
477
478
478
478
479
479
479
479
480
480
481
481
482
484
484
487
490
494
494
494
494
495
495
495
495
496
496
496
497
497
497
499
499
499
500
500
500
500
501
501
503
503
503
503
505
505
505
506
506
506
506
507
507
507
508
508
508
508
510
510
510
511
512
512
512
514
514
514
514
515
515
515
516
517
517
518
518
518
518
520
520
520
523
524
524
524
524
526
527
527
528
530
530
530
531
531
531
533
534
534
534
534
535
535
535
537
537
537
539
539
539
540
540
540
541
541
542
542
542
543
544
546
546
546
547
549
549
550
552
552
554
554
555
555
555
557
559
559
559
559
562
563
563
563
564
564
564
564
565
566
566
569
569
569
570
570
570
571
571
572
572
572
573
573
575
576
576
576
577
578
578
579
579
579
582
582
582
583
584
584
584
586
587
588
589
589
589
590
590
590
590
591
591
592
592
592
592
594
594
594
595
595
595
599
599
599
604
604
604
608
608
608
608
609
609
609
610
610
610
611
611
611
614
614
614
614
615
615
616
616
616
616
617
617
617
617
618
618
618
619
619
619
620
620
621
621
621
622
622
624
624
624
624
626
626
626
628
628
630
631
631
631
632
633
633
633
634
634
634
635
635
635
636
636
636
637
638
638
638
639
639
639
641
641
642
642
642
643
643
643
644
644
644
644
645
645
645
646
646
646
647
647
648
648
649
649
650
650
651
651
651
652
653
654
655
655
656
658
658
659
659
659
660
660
660
660
661
661
661
662
662
662
662
663
665
665
665
665
666
666
666
667
667
667
669
669
671
671
671
672
672
672
672
673
673
673
674
674
674
676
676
676
678
679
679
679
680
680
680
680
681
682
682
683
683
683
685
686
686
686
686
687
687
687
688
688
689
689
689
690
690
691
691
692
692
692
693
694
694
694
695
695
695
696
696
696
697
698
699
699
699
700
700
702
702
702
704
704
705
705
706
706
706
707
707
707
707
708
709
709
709
709
710
710
711
712
712
712
713
713
713
714
715
715
715
716
716
716
717
717
717
717
718
718
718
719
719
719
720
720
722
722
723
723
724
724
724
726
726
726
727
728
728
729
729
729
731
732
732
733
733
733
734
735
735
735
736
736
736
738
738
740
741
742
742
743
744
744
745
745
745
747
747
748
748
749
751
753
753
753
754
754
755
755
755
756
756
757
757
757
758
758
759
761
762
762
763
763
763
764
764
767
767
767
768
768
769
771
771
772
773
773
774
777
777
777
777
778
778
778
779
779
779
780
780
781
783
784
785
785
785
785
786
786
786
786
787
787
787
787
788
788
788
789
789
789
791
793
793
793
794
794
794
795
795
796
797
797
798
798
798
798
799
799
800
801
801
801
802
802
802
803
803
803
804
805
805
806
806
808
809
809
810
810
810
811
812
812
812
813
813
813
814
815
815
815
816
816
816
817
818
818
818
819
820
821
822
822
822
823
823
823
824
824
825
825
826
828
829
830
830
831
831
832
832
834
834
834
836
836
836
837
837
837
838
838
839
840
840
842
842
843
843
844
844
844
846
846
847
847
849
850
851
852
852
853
853
856
858
858
859
859
860
860
860
860
861
861
862
862
864
864
864
864
866
866
867
868
868
868
870
870
870
871
871
872
872
873
873
873
873
874
874
875
876
876
876
877
877
877
878
879
881
882
883
885
885
885
885
887
888
888
888
888
890
890
891
892
892
892
893
893
894
894
895
895
896
898
898
899
899
901
901
903
903
904
904
905
906
908
908
908
908
909
909
909
909
910
910
912
912
912
913
913
915
916
917
917
918
918
920
920
921
921
921
923
923
923
924
924
925
925
926
926
926
926
927
928
928
928
928
929
929
929
929
930
931
931
932
934
935
935
935
937
937
937
938
938
938
939
939
940
940
940
941
941
942
942
943
944
945
945
945
947
947
948
948
948
949
949
951
951
953
953
953
954
956
957
958
958
959
959
959
960
960
961
961
961
962
962
963
964
965
965
965
965
967
967
969
969
970
972
972
973
974
974
975
977
977
977
980
980
982
982
983
983
984
984
984
985
985
985
988
988
988
989
989
990
992
992
993
993
994
995
995
995
996
996
996
997
997
998
998
998
999
1000
1001
1001
1003
1006
1008
1010
1012
1012
1012
1014
1014
1015
1015
1016
1016
1019
1019
1019
1020
1021
1021
1021
1022
1024
1027
1027
1029
1032
1032
1033
1039
1039
1039
1039
1040
1040
1041
1041
1042
1043
1043
1044
1044
1047
1047
1048
1049
1049
1050
1054
1055
1055
1057
1058
1060
1060
1061
1061
1062
1062
1062
1063
1063
1063
1064
1065
1065
1068
1069
1069
1069
1070
1070
1070
1070
1071
1071
1071
1073
1074
1077
1077
1077
1078
1078
1078
1079
1079
1080
1080
1080
1083
1083
1083
1084
1085
1088
1089
1091
1091
1092
1092
1093
1093
1096
1096
1098
1099
1099
1099
1100
1101
1101
1102
1102
1102
1103
1104
1104
1104
1105
1106
1106
1109
1110
1110
1111
1111
1111
1112
1112
1115
1115
1116
1118
1118
1118
1120
1120
1122
1122
1126
1127
1128
1129
1129
1129
1130
1130
1130
1132
1133
1133
1133
1134
1134
1134
1135
1135
1142
1142
1143
1143
1144
1145
1145
1146
1147
1147
1148
1148
1149
1151
1151
1151
1152
1152
1153
1153
1153
1154
1155
1157
1159
1161
1161
1163
1163
1163
1164
1164
1164
1167
1167
1167
1168
1168
1168
1172
1172
1174
1176
1176
1180
1180
1182
1183
1185
1186
1186
1187
1188
1189
1190
1190
1191
1191
1192
1192
1193
1195
1197
1197
1197
1198
1198
1199
1199
1200
1200
1201
1202
1202
1203
1203
1204
1204
1205
1205
1208
1208
1208
1209
1209
1209
1211
1211
1212
1212
1213
1213
1214
1214
1217
1217
1217
1218
1218
1218
1219
1219
1220
1221
1221
1222
1224
1224
1226
1226
1227
1228
1228
1229
1229
1231
1231
1231
1232
1232
1233
1233
1234
1234
1235
1235
1237
1239
1239
1239
1240
1240
1240
1242
1242
1242
1243
1243
1243
1244
1244
1246
1246
1246
1247
1247
1248
1251
1251
1251
1252
1254
1254
1255
1255
1255
1256
1257
1257
1257
1258
1258
1259
1259
1260
1260
1260
1262
1262
1262
1263
1264
1264
1264
1265
1265
1265
1267
1267
1268
1268
1269
1269
1271
1271
1271
1272
1273
1273
1273
1275
1275
1275
1276
1276
1276
1277
1277
1277
1280
1280
1280
1282
1282
1282
1283
1283
1285
1285
1286
1286
1286
1287
1287
1287
1288
1288
1289
1289
1290
1291
1292
1292
1292
1293
1293
1293
1294
1296
1297
1297
1299
1299
1299
1300
1301
1301
1302
1303
1304
1305
1306
1306
1307
1308
1309
1309
1309
1311
1313
1314
1315
1320
1322
1323
1323
1323
1324
1324
1324
1326
1326
1326
1327
1327
1328
1329
1330
1330
1331
1331
1332
1332
1332
1334
1335
1337
1337
1337
1339
1339
1339
1341
1343
1345
1347
1349
1350
1351
1351
1352
1352
1352
1353
1353
1353
1354
1355
1356
1356
1357
1358
1359
1359
1359
1360
1360
1362
1363
1363
1364
1366
1366
1367
1367
1368
1368
1373
1375
1377
1378
1379
1381
1382
1383
1384
1384
1384
1385
1386
1387
1389
1392
1394
1394
1395
1396
1396
1397
1397
1397
1398
1398
1403
1403
1404
1405
1405
1406
1407
1407
1408
1410
1413
1414
1415
1416
1416
1416
1417
1418
1418
1418
1419
1420
1421
1422
1423
1423
1424
1425
1425
1425
1426
1426
1427
1427
1427
1430
1430
1434
1439
1440
1443
1444
1448
1451
1451
1451
1456
1458
1460
1460
1462
1462
1466
1467
1470
1472
1473
1473
1474
1475
1475
1476
1476
1478
1479
1482
1485
1486
1487
1488
1488
1492
1493
1494
1494
1496
1496
1498
1498
1499
1499
1499
1504
1505
1507
1508
1510
1510
1511
1512
1513
1514
1515
1516
1520
1522
1523
1524
1525
1527
1529
1532
1533
1534
1535
1536
1543
1545
1546
1550
1551
1554
1554
1556
1557
1558
1559
1559
1560
1561
1566
1567
1572
1581
1581
1583
1584
1586
1587
1588
1589
1589
1590
1592
1597
1597
1606
1608
1610
1612
1614
1616
1617
1618
1620
1621
1622
1623
1624
1626
1628
1629
1630
1632
1633
1634
1636
1638
1640
1641
1642
1644
1646
1648
1650
1651
1652
1654
1656
1658
1660
1662
2
5
27
57
475
484
519
526
562
570
572
573
575
576
582
584
587
595
604
609
610
611
615
619
621
626
631
633
634
635
636
638
639
641
642
645
647
649
656
661
666
671
678
679
685
700
702
705
715
721
727
735
738
743
754
762
763
778
788
789
793
804
812
815
820
830
849
852
868
891
893
901
917
925
931
941
948
953
954
997
1041
1061
1065
1074
1091
1100
1110
1129
1145
1148
1152
1154
1181
1187
1201
1203
1214
1224
1230
1245
1254
1266
1272
1277
1278
1284
1294
1295
1297
1298
1300
1302
1304
1305
1307
1308
1310
1311
1312
1313
1314
1315
1316
1317
1318
1319
1321
1322
1325
1327
1336
1338
1340
1342
1344
1346
1347
1348
1349
1362
1363
1364
1369
1370
1371
1372
1378
1383
1388
1391
1399
1402
1415
1424
1428
1431
1432
1470
1479
1485
1486
1487
1489
1490
1492
1500
1503
1507
1550
1561
1584
1587
1590
1592
1593
1600
1629
1633
1649
1651
1659
1661
7
14
20
21
28
29
38
40
41
46
52
54
55
63
64
71
77
83
89
94
103
109
110
111
115
118
136
141
147
148
154
161
162
164
168
170
171
172
180
183
195
196
200
202
207
209
222
224
226
227
231
232
234
236
244
248
259
264
286
287
295
296
297
299
311
315
319
320
322
327
328
332
336
337
343
347
354
355
356
360
361
364
366
371
373
375
393
403
407
408
414
417
419
420
425
431
432
437
443
445
446
447
448
450
452
455
462
463
468
469
470
481
484
486
488
489
492
496
498
517
519
521
522
526
528
529
536
538
541
544
546
547
549
550
553
556
558
561
562
566
573
575
577
579
581
583
585
587
593
597
598
600
606
607
613
615
625
627
630
632
640
646
652
656
657
663
668
670
676
677
678
681
684
685
693
697
698
704
710
711
714
718
720
721
723
727
730
732
738
739
741
742
743
746
748
749
750
753
758
759
761
766
769
772
774
779
782
784
790
797
803
804
806
814
819
820
821
824
828
841
842
846
847
849
852
854
856
857
863
865
875
878
880
883
887
891
893
896
897
900
901
905
911
914
915
916
917
918
919
920
922
925
933
939
941
943
946
952
954
957
968
970
971
974
975
978
979
981
982
987
991
993
997
1000
1003
1006
1007
1011
1013
1015
1018
1020
1026
1027
1031
1032
1033
1034
1035
1036
1037
1042
1045
1054
1058
1061
1064
1068
1073
1074
1076
1081
1085
1086
1087
1090
1091
1095
1098
1100
1105
1106
1110
1112
1113
1114
1123
1124
1125
1126
1127
1136
1139
1140
1141
1147
1148
1152
1156
1157
1158
1166
1170
1171
1173
1174
1177
1178
1179
1183
1188
1193
1194
1196
1206
1207
1210
1215
1216
1220
1227
1238
1241
1252
1261
1274
1281
1296
1378
1380
1390
1393
1409
1413
1417
1429
1464
1471
1482
1483
1491
1542
1548
1565
1606
1614
1616
1626
0
0
1
1
2
3
3
4
4
5
10
11
12
19
22
25
27
30
31
32
39
42
44
45
51
57
58
61
65
68
73
74
81
88
93
95
108
117
119
124
126
127
129
131
133
152
156
157
159
173
174
179
181
185
186
191
212
214
215
219
220
221
229
237
241
243
245
249
254
255
256
257
273
284
288
290
300
301
310
316
323
324
331
334
335
340
342
344
350
359
363
367
377
378
380
384
386
391
392
395
398
399
406
411
413
418
422
427
428
430
438
439
440
441
442
444
453
460
464
466
471
473
476
483
485
487
490
491
493
497
502
504
509
511
513
516
525
527
532
533
543
545
548
551
554
557
560
563
565
567
568
574
578
580
586
588
596
601
602
603
605
612
622
623
629
637
650
653
654
664
673
675
682
683
690
691
701
703
708
722
725
728
731
734
740
744
752
760
765
768
770
773
775
776
780
781
783
791
792
795
796
800
805
807
811
817
826
827
829
831
833
835
839
845
848
850
853
855
858
867
869
874
879
881
882
884
886
889
902
907
924
927
930
932
936
942
944
950
955
956
962
964
966
967
969
973
976
986
989
990
992
994
995
1002
1004
1005
1010
1017
1022
1023
1024
1025
1028
1029
1038
1040
1043
1044
1046
1047
1048
1050
1051
1052
1055
1056
1057
1059
1060
1066
1067
1072
1075
1077
1078
1084
1088
1089
1092
1094
1097
1103
1107
1108
1109
1117
1119
1120
1121
1122
1128
1131
1137
1144
1149
1150
1155
1159
1160
1161
1165
1169
1184
1189
1191
1191
1192
1192
1198
1198
1199
1199
1200
1200
1202
1202
1204
1205
1205
1211
1212
1213
1219
1219
1221
1223
1225
1226
1226
1233
1235
1236
1246
1248
1249
1250
1251
1253
1255
1256
1267
1267
1269
1269
1270
1279
1285
1287
1289
1290
1291
1299
1300
1301
1302
1303
1310
1312
1315
1316
1317
1318
1319
1320
1325
1328
1328
1329
1329
1333
1334
1335
1340
1341
1344
1345
1346
1347
1348
1350
1351
1351
1352
1355
1357
1358
1361
1365
1367
1368
1369
1374
1375
1375
1376
1379
1385
1386
1387
1389
1391
1392
1394
1394
1397
1399
1400
1401
1404
1404
1405
1405
1406
1406
1407
1407
1410
1411
1412
1414
1419
1420
1421
1421
1422
1423
1430
1433
1434
1435
1436
1436
1437
1437
1438
1438
1439
1439
1440
1441
1441
1442
1443
1444
1445
1445
1446
1446
1447
1449
1449
1450
1450
1452
1453
1454
1454
1455
1455
1456
1457
1458
1459
1460
1461
1461
1463
1465
1465
1466
1468
1469
1469
1472
1473
1474
1475
1477
1477
1478
1480
1480
1481
1493
1495
1496
1497
1498
1501
1502
1505
1508
1509
1511
1512
1513
1514
1515
1516
1517
1518
1519
1520
1521
1522
1523
1524
1525
1527
1528
1529
1530
1531
1533
1535
1536
1537
1538
1539
1540
1541
1543
1544
1545
1546
1547
1549
1551
1552
1553
1554
1555
1556
1557
1558
1560
1562
1563
1564
1566
1567
1568
1569
1570
1571
1572
1573
1582
1583
1586
1588
1589
1591
1594
1595
1598
1599
1601
1602
1604
1605
1609
1610
1613
1618
1620
1622
1625
1629
1633
1637
1640
1649
1651
1653
1655
1656
1659
1661
1663
)


// ************************************************************************* //
