/*--------------------------------*- C++ -*----------------------------------*\
  =========                 |
  \\      /  F ield         | OpenFOAM: The Open Source CFD Toolbox
   \\    /   O peration     | Website:  https://openfoam.org
    \\  /    A nd           | Version:  dev
     \\/     M anipulation  |
\*---------------------------------------------------------------------------*/
FoamFile
{
    format      ascii;
    class       vectorField;
    location    "constant/shower/polyMesh";
    object      points;
}
// * * * * * * * * * * * * * * * * * * * * * * * * * * * * * * * * * * * * * //


577
(
(0.0195 -4.7761225e-18 -0.005)
(0.0195 -4.7761225e-18 -0.0075)
(0.021 -5.1435166e-18 -0.005)
(0.021 -5.1435166e-18 -0.01)
(0.019271468 0.002976661 -0.005)
(0.01859123 0.0058835517 -0.005)
(0.017475228 0.0086525368 -0.005)
(0.015949623 0.011218714 -0.005)
(0.014050171 0.013521934 -0.005)
(0.011821396 0.015508211 -0.005)
(0.0093155365 0.017130989 -0.005)
(0.0065913291 0.018352231 -0.005)
(0.0037126266 0.019143312 -0.005)
(0.00074690331 0.019485691 -0.005)
(-0.0022363268 0.019371341 -0.005)
(-0.0051671393 0.018802943 -0.005)
(-0.0079768384 0.017793821 -0.005)
(-0.010599567 0.016367626 -0.005)
(-0.012973851 0.014557788 -0.005)
(-0.015044039 0.012406728 -0.005)
(-0.016761607 0.0099648642 -0.005)
(-0.018086298 0.0072894329 -0.005)
(-0.018987061 0.0044431434 -0.005)
(-0.019442783 0.0014927104 -0.005)
(-0.019442783 -0.0014927104 -0.005)
(-0.018987061 -0.0044431434 -0.005)
(-0.018086298 -0.0072894329 -0.005)
(-0.016761607 -0.0099648642 -0.005)
(-0.015044039 -0.012406728 -0.005)
(-0.012973851 -0.014557788 -0.005)
(-0.010599567 -0.016367626 -0.005)
(-0.0079768384 -0.017793821 -0.005)
(-0.0051671393 -0.018802943 -0.005)
(-0.0022363268 -0.019371341 -0.005)
(0.00074690331 -0.019485691 -0.005)
(0.0037126266 -0.019143312 -0.005)
(0.0065913291 -0.018352231 -0.005)
(0.0093155365 -0.017130989 -0.005)
(0.011821396 -0.015508211 -0.005)
(0.014050171 -0.013521934 -0.005)
(0.015949623 -0.011218714 -0.005)
(0.017475228 -0.0086525368 -0.005)
(0.01859123 -0.0058835517 -0.005)
(0.019271468 -0.002976661 -0.005)
(0.019271468 0.002976661 -0.0075)
(0.01859123 0.0058835517 -0.0075)
(0.017475228 0.0086525368 -0.0075)
(0.015949623 0.011218714 -0.0075)
(0.014050171 0.013521934 -0.0075)
(0.011821396 0.015508211 -0.0075)
(0.0093155365 0.017130989 -0.0075)
(0.0065913291 0.018352231 -0.0075)
(0.0037126266 0.019143312 -0.0075)
(0.00074690331 0.019485691 -0.0075)
(-0.0022363268 0.019371341 -0.0075)
(-0.0051671393 0.018802943 -0.0075)
(-0.0079768384 0.017793821 -0.0075)
(-0.010599567 0.016367626 -0.0075)
(-0.012973851 0.014557788 -0.0075)
(-0.015044039 0.012406728 -0.0075)
(-0.016761607 0.0099648642 -0.0075)
(-0.018086298 0.0072894329 -0.0075)
(-0.018987061 0.0044431434 -0.0075)
(-0.019442783 0.0014927104 -0.0075)
(-0.019442783 -0.0014927104 -0.0075)
(-0.018987061 -0.0044431434 -0.0075)
(-0.018086298 -0.0072894329 -0.0075)
(-0.016761607 -0.0099648642 -0.0075)
(-0.015044039 -0.012406728 -0.0075)
(-0.012973851 -0.014557788 -0.0075)
(-0.010599567 -0.016367626 -0.0075)
(-0.0079768384 -0.017793821 -0.0075)
(-0.0051671393 -0.018802943 -0.0075)
(-0.0022363268 -0.019371341 -0.0075)
(0.00074690331 -0.019485691 -0.0075)
(0.0037126266 -0.019143312 -0.0075)
(0.0065913291 -0.018352231 -0.0075)
(0.0093155365 -0.017130989 -0.0075)
(0.011821396 -0.015508211 -0.0075)
(0.014050171 -0.013521934 -0.0075)
(0.015949623 -0.011218714 -0.0075)
(0.017475228 -0.0086525368 -0.0075)
(0.01859123 -0.0058835517 -0.0075)
(0.019271468 -0.002976661 -0.0075)
(0.02078625 0.0029886116 -0.005)
(0.020149352 0.0059163837 -0.005)
(0.019102272 0.0087237153 -0.005)
(0.017666324 0.011353457 -0.005)
(0.015870741 0.013752075 -0.005)
(0.013752075 0.015870741 -0.005)
(0.011353457 0.017666324 -0.005)
(0.0087237153 0.019102272 -0.005)
(0.0059163837 0.020149352 -0.005)
(0.0029886116 0.02078625 -0.005)
(-3.6017614e-17 0.021 -0.005)
(-0.0029886116 0.02078625 -0.005)
(-0.0059163837 0.020149352 -0.005)
(-0.0087237153 0.019102272 -0.005)
(-0.011353457 0.017666324 -0.005)
(-0.013752075 0.015870741 -0.005)
(-0.015870741 0.013752075 -0.005)
(-0.017666324 0.011353457 -0.005)
(-0.019102272 0.0087237153 -0.005)
(-0.020149352 0.0059163837 -0.005)
(-0.02078625 0.0029886116 -0.005)
(-0.021 -2.5405862e-17 -0.005)
(-0.02078625 -0.0029886116 -0.005)
(-0.020149352 -0.0059163837 -0.005)
(-0.019102272 -0.0087237153 -0.005)
(-0.017666324 -0.011353457 -0.005)
(-0.015870741 -0.013752075 -0.005)
(-0.013752075 -0.015870741 -0.005)
(-0.011353457 -0.017666324 -0.005)
(-0.0087237153 -0.019102272 -0.005)
(-0.0059163837 -0.020149352 -0.005)
(-0.0029886116 -0.02078625 -0.005)
(1.4794109e-17 -0.021 -0.005)
(0.0029886116 -0.02078625 -0.005)
(0.0059163837 -0.020149352 -0.005)
(0.0087237153 -0.019102272 -0.005)
(0.011353457 -0.017666324 -0.005)
(0.013752075 -0.015870741 -0.005)
(0.015870741 -0.013752075 -0.005)
(0.017666324 -0.011353457 -0.005)
(0.019102272 -0.0087237153 -0.005)
(0.020149352 -0.0059163837 -0.005)
(0.02078625 -0.0029886116 -0.005)
(0.021 -5.1435166e-18 -0.0075)
(0.02078625 0.0029886116 -0.01)
(0.020149352 0.0059163837 -0.01)
(0.019102272 0.0087237153 -0.01)
(0.017666324 0.011353457 -0.01)
(0.015870741 0.013752075 -0.01)
(0.013752075 0.015870741 -0.01)
(0.011353457 0.017666324 -0.01)
(0.0087237153 0.019102272 -0.01)
(0.0059163837 0.020149352 -0.01)
(0.0029886116 0.02078625 -0.01)
(-3.6017614e-17 0.021 -0.01)
(-0.0029886116 0.02078625 -0.01)
(-0.0059163837 0.020149352 -0.01)
(-0.0087237153 0.019102272 -0.01)
(-0.011353457 0.017666324 -0.01)
(-0.013752075 0.015870741 -0.01)
(-0.015870741 0.013752075 -0.01)
(-0.017666324 0.011353457 -0.01)
(-0.019102272 0.0087237153 -0.01)
(-0.020149352 0.0059163837 -0.01)
(-0.02078625 0.0029886116 -0.01)
(-0.021 -2.5405862e-17 -0.01)
(-0.02078625 -0.0029886116 -0.01)
(-0.020149352 -0.0059163837 -0.01)
(-0.019102272 -0.0087237153 -0.01)
(-0.017666324 -0.011353457 -0.01)
(-0.015870741 -0.013752075 -0.01)
(-0.013752075 -0.015870741 -0.01)
(-0.011353457 -0.017666324 -0.01)
(-0.0087237153 -0.019102272 -0.01)
(-0.0059163837 -0.020149352 -0.01)
(-0.0029886116 -0.02078625 -0.01)
(1.4794109e-17 -0.021 -0.01)
(0.0029886116 -0.02078625 -0.01)
(0.0059163837 -0.020149352 -0.01)
(0.0087237153 -0.019102272 -0.01)
(0.011353457 -0.017666324 -0.01)
(0.013752075 -0.015870741 -0.01)
(0.015870741 -0.013752075 -0.01)
(0.017666324 -0.011353457 -0.01)
(0.019102272 -0.0087237153 -0.01)
(0.020149352 -0.0059163837 -0.01)
(0.02078625 -0.0029886116 -0.01)
(0.016761607 -0.0099648642 -0.0062492341)
(0.019442783 -0.0014927104 -0.0062492341)
(0.010599567 -0.016367626 -0.0062492341)
(0.015044039 -0.012406728 -0.0062492341)
(0.0051671393 -0.018802943 -0.0062507659)
(0.018987061 -0.0044431434 -0.0062507659)
(0.0079768384 -0.017793821 -0.0062492341)
(-0.00074690331 -0.019485691 -0.0062507659)
(0.018086298 -0.0072894329 -0.0062507659)
(-0.01859123 0.0058835517 -0.0062492341)
(-0.0195 1.4094389e-16 -0.0062492341)
(0.012973851 -0.014557788 -0.0062492341)
(0.019442783 0.0014927104 -0.0062492341)
(-0.015949623 0.011218714 -0.0062492341)
(-0.011821396 0.015508211 -0.0062492341)
(-0.011821396 -0.015508211 -0.0062492341)
(-0.017475228 -0.0086525368 -0.0062492341)
(-0.014050171 -0.013521934 -0.0062492341)
(0.018086298 0.0072894329 -0.0062492341)
(0.018987061 0.0044431434 -0.0062507659)
(0.016761632 0.0099648228 -0.00625)
(-0.00074690331 0.019485691 -0.0062507659)
(-0.0037125793 0.019143321 -0.00625)
(0.012973851 0.014557788 -0.0062492341)
(0.0079768384 0.017793821 -0.0062492341)
(0.0022363268 0.019371341 -0.0062507659)
(0.01504407 0.01240669 -0.00625)
(-0.0093155788 -0.017130966 -0.00625)
(-0.0037126266 -0.019143312 -0.0062507659)
(0.0051671393 0.018802943 -0.0062492341)
(-0.015949623 -0.011218714 -0.0062507659)
(-0.0065913745 -0.018352215 -0.00625)
(-0.01859123 -0.0058835517 -0.0062492341)
(-0.0065913291 0.018352231 -0.0062492341)
(-0.0093154941 0.017131012 -0.00625)
(0.010599567 0.016367626 -0.0062492341)
(-0.014050138 0.013521969 -0.00625)
(-0.019271468 -0.002976661 -0.0062507659)
(-0.017475228 0.0086525368 -0.0062492341)
(-0.019271461 0.0029767087 -0.00625)
(0.0022363268 -0.019371341 -0.0062507659)
(-0.015797129 -0.0051328921 -0.0075)
(0.015727394 0.0062521354 -0.0075)
(-0.0055190634 0.015551009 -0.0075)
(0.0044668814 -0.016254742 -0.0075)
(-0.015106961 0.007479933 -0.0075)
(-0.0079405268 -0.015073005 -0.0075)
(0.0067879326 0.015160866 -0.0075)
(0.015462551 -0.0066617721 -0.0075)
(0.011215617 -0.012584896 -0.0075)
(-0.016532227 0.0025788339 -0.0075)
(-0.012146072 0.011689422 -0.0075)
(0.017000695 -0.0010005075 -0.0075)
(-0.013365549 -0.0098787128 -0.0075)
(-0.00064568193 0.016844963 -0.0075)
(0.01300525 0.010725351 -0.0075)
(-0.0034616489 -0.016801834 -0.0075)
(-0.016454478 0.0053628475 -0.0075)
(-0.013559841 0.0050228942 -0.0075)
(-0.01346097 0.0017326318 -0.0075)
(-0.010871245 0.0033447996 -0.0075)
(-0.010798547 0.00041645932 -0.0075)
(-0.0082809056 0.002034554 -0.0075)
(-0.0081573845 -0.00093277057 -0.0075)
(-0.0056430062 0.00067674162 -0.0075)
(-0.0055086208 -0.0023013794 -0.0075)
(-0.0029944728 -0.00069109123 -0.0075)
(-0.0031322498 0.0022902662 -0.0075)
(-0.00048133249 0.00092016644 -0.0075)
(-0.00034312011 -0.0020618498 -0.0075)
(0.0021702821 -0.00045082887 -0.0075)
(0.0020319024 0.0025313983 -0.0075)
(0.0023086076 -0.0034329944 -0.0075)
(0.0046837144 0.0011601695 -0.0075)
(-0.00020488492 -0.0050439209 -0.0075)
(0.0045453352 0.0041423979 -0.0075)
(0.0018934829 0.0055136739 -0.0075)
(0.0024469314 -0.0064151619 -0.0075)
(0.0049604275 -0.004804235 -0.0075)
(-0.0083496354 0.0049152623 -0.0075)
(0.0071971848 0.0027711253 -0.0075)
(-6.6551373e-05 -0.0080261026 -0.0075)
(0.0044069589 0.0071246233 -0.0075)
(0.0017551064 0.0084958992 -0.0075)
(-0.0080180541 -0.0039126884 -0.0075)
(0.0050987873 -0.0077864414 -0.0075)
(0.0076122767 -0.0061755072 -0.0075)
(0.0074739111 -0.0031932945 -0.0075)
(-0.00075838215 0.0068849648 -0.0075)
(-0.00089674959 0.0098671793 -0.0075)
(0.0016167394 0.011478114 -0.0075)
(-0.0027183787 -0.0066548213 -0.0075)
(-0.0025800402 -0.0096370324 -0.0075)
(7.1808376e-05 -0.011008309 -0.0075)
(-0.0052318585 -0.0082657704 -0.0075)
(-0.0034097445 0.0082572019 -0.0075)
(0.010116353 -0.0045650084 -0.0075)
(0.0099858306 -0.0015824317 -0.0075)
(0.010213865 -0.007485872 -0.0075)
(-0.0036280519 0.011084819 -0.0075)
(-0.0060746743 0.0096031962 -0.0075)
(-0.013079995 -0.0011961494 -0.0075)
(-0.0050471146 -0.011158212 -0.0075)
(-0.0076960497 -0.009781395 -0.0075)
(0.012544629 -0.0029530565 -0.0075)
(0.012363745 2.304112e-05 -0.0075)
(-0.012132881 0.0076493176 -0.0075)
(-0.0062004598 0.012609737 -0.0075)
(-0.0090881998 0.011302776 -0.0075)
(-0.001174506 0.013005171 -0.0075)
(0.0016203264 0.014621449 -0.0075)
(0.0041778617 0.013192598 -0.0075)
(0.0042765329 0.010124094 -0.0075)
(0.0069217714 0.0087384338 -0.0075)
(-0.0023574331 -0.012456326 -0.0075)
(0.00034583995 -0.014257792 -0.0075)
(0.0027144205 -0.012340801 -0.0075)
(0.0077042028 -0.0090881816 -0.0075)
(0.0068156014 0.011815198 -0.0075)
(0.0098774809 0.01046676 -0.0075)
(0.0095723028 0.0073642791 -0.0075)
(0.0093285229 0.013505885 -0.0075)
(0.0070590369 0.005753821 -0.0075)
(0.002583758 -0.0093909116 -0.0075)
(0.0097107063 0.0043821447 -0.0075)
(0.012638955 0.0060782759 -0.0075)
(0.0052409267 -0.01072378 -0.0075)
(0.0082317227 -0.012197264 -0.0075)
(0.0048220812 -0.001822044 -0.0075)
(0.0073352926 -0.00021110358 -0.0075)
(0.0098258803 0.0013989274 -0.0075)
(0.012330285 0.0029585428 -0.0075)
(0.014971981 0.0014438152 -0.0075)
(-0.00061974212 0.0039024174 -0.0075)
(-0.0032718735 0.0052740349 -0.0075)
(-0.0028566011 -0.0036727631 -0.0075)
(-0.0053695315 -0.0052836705 -0.0075)
(-0.0078746769 -0.0068787134 -0.0075)
(-0.01050535 -0.0054899559 -0.0075)
(-0.010447153 -0.0084146467 -0.0075)
(-0.010347992 -0.011084479 -0.0075)
(0.0041156266 0.016285217 -0.0075)
(-0.0088788502 0.0079607331 -0.0075)
(-0.0057664054 0.0036403181 -0.0075)
(-0.0059585306 0.0066084577 -0.0075)
(-0.0083986507 0.014532753 -0.0075)
(-0.010611034 -0.002541001 -0.0075)
(0.012655253 -0.0058455232 -0.0075)
(0.012821998 -0.0084140401 -0.0075)
(-0.0048491035 -0.014154272 -0.0075)
(-0.013106876 -0.0041309012 -0.0075)
(-0.0029730409 0.015206681 -0.0075)
(-0.013052836 -0.0068773686 -0.0075)
(0.005255 -0.013546336 -0.0075)
(0.0074633943 -0.015176689 -0.0075)
(-0.015505867 -0.00023703106 -0.0075)
(-0.00074983635 -0.016972475 -0.0075)
(0.01680787 -0.0039331931 -0.0075)
(0.0018823097 -0.016912164 -0.0075)
(-0.017061511 -0.0025604483 -0.0075)
(-0.013791224 0.0098433749 -0.0075)
(0.014438389 0.0085691777 -0.0075)
(0.016739546 0.003687503 -0.0075)
(0.010455368 -0.010174142 -0.0075)
(-0.015500464 -0.0076747686 -0.0075)
(-0.0074999519 -0.012431819 -0.0075)
(0.011852778 0.0085278065 -0.0075)
(0.0018795953 0.017266046 -0.0075)
(-0.0058790514 -0.016525175 -0.0075)
(0.011656445 0.012775837 -0.0075)
(-0.010883139 0.0096671436 -0.0075)
(-0.010534795 -0.013835518 -0.0075)
(0.017496738 0.0014214943 -0.0075)
(-0.012555659 -0.012217574 -0.0075)
(0.0027393801 -0.014726282 -0.0075)
(0.014441993 0.0041915339 -0.0075)
(0.013265077 -0.010954934 -0.0075)
(0.01462367 -0.0016668832 -0.0075)
(-0.010667348 0.0057849888 -0.0075)
(-0.0033478648 0.01728779 -0.0075)
(0.014418795 -0.0042120856 -0.0075)
(0.015151355 -0.0090767652 -0.0075)
(-0.0020474196 -0.014850959 -0.0075)
(-0.017733062 -1.5936258e-05 -0.0075)
(-0.014857135 -0.002785452 -0.0075)
(-0.010745985 0.013656209 -0.0075)
(0.0097138037 -0.014475867 -0.0075)
(-0.0040951339 0.013348276 -0.0075)
(-0.010064229 -0.018431259 -0.0074994274)
(0.0073387072 -0.019675959 -0.0074999849)
(0.016811366 -0.012584831 -0.0074994274)
(-0.0073387478 -0.019675944 -0.0074994274)
(0.0044638843 -0.020520081 -0.0075002358)
(-0.0044639134 -0.020520075 -0.0074999849)
(0.014849242 -0.014849242 -0.0074994274)
(0.018431238 -0.010064267 -0.0074999849)
(0.0014981245 -0.020946494 -0.0075004343)
(-0.012584831 -0.016811366 -0.0074994274)
(-0.014849242 -0.014849242 -0.0074994274)
(0.019675942 -0.0073387532 -0.0075003536)
(-0.0073387883 0.019675929 -0.0074999849)
(-0.016811392 0.012584796 -0.0074999849)
(-0.014849279 0.014849206 -0.0074997506)
(0.001498166 0.020946491 -0.0074999849)
(-0.018431252 0.010064241 -0.0075002358)
(-0.0014981308 -0.020946494 -0.0075002037)
(0.0044638859 0.020520081 -0.0074995769)
(-0.0014981171 0.020946495 -0.0075003536)
(-0.004463878 0.020520083 -0.0075001674)
(0.0073387143 0.019675957 -0.0075000522)
(-0.019675928 0.0073387906 -0.0074998635)
(-0.010064242 0.018431252 -0.0074995769)
(-0.020520075 -0.0044639134 -0.0074999849)
(-0.018431259 -0.010064229 -0.0074994274)
(-0.019675939 -0.007338762 -0.0074995769)
(0.010064224 0.018431261 -0.0075003752)
(-0.012584853 0.01681135 -0.0074996822)
(-0.020520082 0.004463881 -0.0074995977)
(-0.020946491 -0.0014981741 -0.0074997506)
(-0.016811366 -0.012584831 -0.0074994274)
(0.010064184 -0.018431283 -0.0074997506)
(0.01258482 -0.016811374 -0.0074995614)
(-0.020946496 0.0014981068 -0.0074996916)
(0.020520084 -0.0044638711 -0.0075005726)
(0.016811392 0.012584796 -0.0075000151)
(0.018431252 0.010064241 -0.0074997642)
(0.014849279 0.014849206 -0.0075002494)
(0.012584846 0.016811355 -0.0075002962)
(0.020520084 0.0044638711 -0.0074994274)
(0.019675944 0.0073387493 -0.0074995657)
(0.020879775 -0.0022438836 -0.0071489515)
(0.020879775 0.0022438836 -0.0078510485)
(0.020956831 -0.0013458211 -0.0087496978)
(0.020956831 0.0013458211 -0.0062503022)
(-0.0096633945 -0.017732511 -0.005)
(-0.0096633945 0.017732511 -0.005)
(0.02013943 0.0014913182 -0.005)
(0.02013943 -0.0014913182 -0.005)
(-0.017564933 -0.0062749805 -0.01)
(0.017339096 0.006869525 -0.01)
(0.0063682875 -0.017069693 -0.01)
(-0.0066838909 0.017304006 -0.01)
(-0.0069941577 -0.017393216 -0.01)
(0.016125438 -0.0089223997 -0.01)
(0.0064132511 0.017194592 -0.01)
(-0.016376999 0.0088785062 -0.01)
(-0.013071116 -0.013185638 -0.01)
(0.018362496 -0.0012846278 -0.01)
(0.012796945 0.013003904 -0.01)
(-0.018345795 0.0014890667 -0.01)
(0.01083629 -0.014633621 -0.01)
(-0.0013091931 -0.018304912 -0.01)
(0.0013091931 0.018304912 -0.01)
(-0.010997746 0.014691268 -0.01)
(0.0015733855 -0.018527808 -0.01)
(0.0004145201 -0.015955125 -0.01)
(-0.0025774442 -0.015611508 -0.01)
(-0.00079315276 -0.013216764 -0.01)
(-0.0037877983 -0.012797016 -0.01)
(-0.0020354093 -0.010443787 -0.01)
(0.00096836146 -0.010795697 -0.01)
(-0.00027664779 -0.0080313456 -0.01)
(-0.0032607743 -0.0077153307 -0.01)
(-0.0015019527 -0.0052915658 -0.01)
(0.00147793 -0.0056031556 -0.01)
(0.00025626159 -0.0028659711 -0.01)
(-0.0027235217 -0.0025546939 -0.01)
(-0.00096406391 -0.00012952822 -0.01)
(0.0020159266 -0.0004408774 -0.01)
(0.00079556211 0.002295579 -0.01)
(-0.0021844617 0.0026069398 -0.01)
(0.0037755807 0.0019842201 -0.01)
(-0.00042481131 0.0050320386 -0.01)
(0.0049959454 -0.0007522364 -0.01)
(-0.0034048339 0.0053433989 -0.01)
(-0.005164492 0.0029183028 -0.01)
(0.0067556029 0.0016728599 -0.01)
(0.0055352367 0.004409317 -0.01)
(0.0079759682 -0.0010635968 -0.01)
(-0.0016451767 0.0077684954 -0.01)
(-0.0063848587 0.00565476 -0.01)
(-0.0081445175 0.0032296641 -0.01)
(0.0097356263 0.0013614993 -0.01)
(0.010955992 -0.0013749575 -0.01)
(0.0091963335 -0.0038000535 -0.01)
(-0.0093648831 0.005966121 -0.01)
(-0.0076052247 0.008391217 -0.01)
(-0.011124541 0.0035410249 -0.01)
(-0.0099041759 0.0008045681 -0.01)
(0.01271565 0.0010501386 -0.01)
(0.011495284 0.0037865954 -0.01)
(0.0013348471 0.0074571346 -0.01)
(0.00011448145 0.010193591 -0.01)
(0.0030945054 0.0098822307 -0.01)
(-0.0028655425 0.010504952 -0.01)
(0.012176357 -0.0041114143 -0.01)
(0.010416699 -0.0065365104 -0.01)
(0.0074366751 -0.0062251496 -0.01)
(0.0086570407 -0.0089616064 -0.01)
(-0.0011058842 0.012930048 -0.01)
(-0.010547693 0.0087193262 -0.01)
(-0.012837232 0.0011368747 -0.01)
(-0.011656006 -0.001617037 -0.01)
(-0.0086825056 -0.0019313069 -0.01)
(-0.010441946 -0.004356306 -0.01)
(-0.014047839 0.0038049935 -0.01)
(-0.014519157 -0.0013091127 -0.01)
(0.0056764448 -0.0086556642 -0.01)
(0.0069238837 -0.011441656 -0.01)
(-0.0074629728 -0.0046681367 -0.01)
(-0.0092227699 -0.0070932944 -0.01)
(-0.012117735 -0.0067439993 -0.01)
(0.011516846 -0.0092183522 -0.01)
(-0.0040859081 0.013241409 -0.01)
(-0.0023262498 0.015666505 -0.01)
(-0.0088255904 0.011127674 -0.01)
(0.014314134 0.0034033562 -0.01)
(0.013066906 0.0061278333 -0.01)
(0.010243579 0.0065090759 -0.01)
(0.012248493 0.0094839464 -0.01)
(0.0090456679 0.0093289464 -0.01)
(-0.010949818 -0.0093336143 -0.01)
(-0.0079971878 -0.0097990557 -0.01)
(-0.013762473 -0.0090104948 -0.01)
(-0.011665856 0.011625645 -0.01)
(-0.0077639416 0.014218597 -0.01)
(-0.010171327 -0.012249285 -0.01)
(0.015967763 0.00048964722 -0.01)
(0.017517673 0.0037483552 -0.01)
(0.0033315974 -0.01634384 -0.01)
(0.0023108434 -0.013639372 -0.01)
(0.0052566341 -0.014180337 -0.01)
(0.014992009 0.0080881336 -0.01)
(0.00043067339 0.015488282 -0.01)
(-0.0068382488 -0.012461945 -0.01)
(-0.0083384736 -0.014818718 -0.01)
(0.0039139371 -0.011107808 -0.01)
(-0.0050249341 -0.010122079 -0.01)
(0.0027027795 -0.0083512432 -0.01)
(0.0044577374 -0.0059168729 -0.01)
(-0.0044826804 -0.0049796306 -0.01)
(-0.005703458 -0.0022431563 -0.01)
(0.004314871 0.0071457738 -0.01)
(0.0060730484 0.0095824428 -0.01)
(0.0048489602 0.012261815 -0.01)
(0.0077876282 0.011925586 -0.01)
(0.0032362855 -0.0031773319 -0.01)
(0.0025552126 0.0047206778 -0.01)
(-0.0059619014 0.010927284 -0.01)
(0.007287944 0.0068455853 -0.01)
(-0.0039440249 0.00018184524 -0.01)
(-0.0046445897 0.0080983513 -0.01)
(0.0085088789 0.0040974888 -0.01)
(0.013936016 -0.0016863183 -0.01)
(0.015156381 -0.0044227751 -0.01)
(0.001836089 0.012633292 -0.01)
(0.0036291769 0.015519369 -0.01)
(-0.012328328 0.0062590782 -0.01)
(0.0062164908 -0.0034892068 -0.01)
(0.013709206 -0.0069580253 -0.01)
(0.009825555 -0.01171852 -0.01)
(0.012890135 -0.012065052 -0.01)
(-0.0069238623 0.00049331951 -0.01)
(-0.013281556 -0.0039915849 -0.01)
(-0.0062424685 -0.0074004435 -0.01)
(0.0081618394 -0.014046461 -0.01)
(-0.016002844 -0.003846087 -0.01)
(-0.01333994 0.009114429 -0.01)
(0.010294884 0.011619101 -0.01)
(0.0096244323 0.013992996 -0.01)
(0.0066533041 0.014485469 -0.01)
(-0.01565573 0.0013991303 -0.01)
(-0.017450407 0.004064552 -0.01)
(-0.017850654 -0.0013302205 -0.01)
(-0.015332982 0.0062794821 -0.01)
(-0.0147179 0.011351942 -0.01)
(-0.003992379 0.018021891 -0.01)
(0.01709126 -0.0064875481 -0.01)
(0.017956208 -0.0039034569 -0.01)
(-0.0042157072 -0.017839805 -0.01)
(-0.010996471 -0.015134736 -0.01)
(0.0040513233 0.018390895 -0.01)
(-0.001261229 0.018211307 -0.01)
(0.015103269 0.010831474 -0.01)
(-0.0091045501 0.016596494 -0.01)
(0.0090887179 -0.016503674 -0.01)
(-0.016538676 -0.0090308005 -0.01)
(-0.0054586383 -0.015153701 -0.01)
(-0.014777442 -0.0063654724 -0.01)
(-0.013400864 0.013458334 -0.01)
(0.015289683 -0.011069924 -0.01)
(-0.014923303 -0.011200798 -0.01)
(0.018726837 0.0011883973 -0.01)
(-0.017714946 0.0067339994 -0.01)
(0.0089804077 0.016412428 -0.01)
(-0.018470807 -0.0040712566 -0.01)
(-0.0049704739 0.015690482 -0.01)
(0.0040504747 -0.01863187 -0.01)
(0.016222217 -0.0022627451 -0.01)
(0.013899598 -0.0093988072 -0.01)
(0.011555453 0.015436278 -0.01)
(-0.0092812549 -0.016823053 -0.01)
(0.015358757 0.0055600706 -0.01)
(0.016840594 0.0091732611 -0.01)
(-0.012610487 -0.010917382 -0.01)
(-0.0095769123 0.013113518 -0.01)
)


// ************************************************************************* //
