/*--------------------------------*- C++ -*----------------------------------*\
  =========                 |
  \\      /  F ield         | OpenFOAM: The Open Source CFD Toolbox
   \\    /   O peration     | Website:  https://openfoam.org
    \\  /    A nd           | Version:  dev
     \\/     M anipulation  |
\*---------------------------------------------------------------------------*/
FoamFile
{
    format      ascii;
    class       faceSet;
    location    "constant/polyMesh/sets";
    object      outlet;
}
// * * * * * * * * * * * * * * * * * * * * * * * * * * * * * * * * * * * * * //


1534
(
888832 
888833 
888834 
888838 
888840 
888842 
847885 
888846 
864270 
884750 
876559 
102415 
880655 
888848 
888849 
888852 
888853 
888854 
888855 
888858 
888859 
888860 
888861 
888864 
98337 
876579 
888867 
888868 
884773 
888869 
888870 
888874 
888875 
888877 
888878 
888879 
888881 
888884 
888886 
49207 
888887 
888890 
192574 
823359 
888895 
4160 
888896 
888897 
888898 
888899 
860227 
888901 
888902 
888903 
888905 
155723 
888908 
888909 
888910 
888911 
888912 
888913 
888914 
876626 
888915 
880729 
888921 
20570 
888922 
880732 
888924 
884832 
888929 
888930 
884835 
884839 
888936 
880744 
872553 
888937 
876649 
888938 
872555 
888939 
868460 
888940 
888941 
888942 
827502 
888944 
888946 
880755 
352371 
888951 
888952 
864378 
888954 
172156 
745596 
839804 
888956 
901244 
888961 
114819 
888964 
888965 
888966 
888970 
880778 
888971 
888972 
888973 
888975 
888977 
888978 
888980 
888982 
888983 
888984 
815257 
888986 
888987 
888988 
888990 
888993 
888994 
401572 
888996 
888998 
819367 
889000 
880808 
889001 
884906 
889003 
143532 
889004 
184493 
889005 
889007 
889008 
889010 
880818 
889011 
880820 
889012 
213173 
889013 
889014 
889015 
889016 
884920 
880829 
889022 
889024 
884928 
876737 
889026 
889027 
889028 
856262 
69830 
889030 
159945 
889033 
889034 
889036 
872652 
209100 
889038 
889039 
889040 
884944 
889042 
889043 
49363 
889044 
889045 
889046 
876758 
884951 
258264 
889049 
889050 
889052 
889053 
889054 
889056 
889057 
880865 
889058 
844003 
889060 
884965 
889061 
880870 
884967 
889063 
897256 
889064 
217324 
884973 
889070 
880879 
889072 
889073 
889074 
458995 
889076 
889078 
889079 
889081 
876796 
876798 
889086 
889087 
889089 
889092 
884997 
889093 
889094 
852231 
889095 
889096 
889098 
839947 
889100 
889101 
889102 
885007 
852239 
889103 
889105 
889106 
889109 
782614 
876823 
889112 
889114 
889115 
889116 
889118 
24863 
889120 
889127 
880937 
258346 
880940 
889134 
889135 
868656 
889137 
889138 
889139 
880948 
889141 
901432 
889145 
889146 
65852 
889148 
889149 
889150 
889152 
889154 
237891 
889157 
889159 
889160 
106825 
889162 
889165 
889166 
889171 
889172 
885076 
872790 
889175 
880984 
885081 
307545 
856412 
889180 
889182 
164191 
889184 
123232 
889186 
889187 
889188 
889189 
889190 
889191 
889192 
876908 
889196 
889199 
889201 
889202 
889204 
131445 
889205 
889206 
889207 
889208 
885113 
889210 
889214 
885119 
889215 
885123 
889219 
889220 
889224 
889226 
164239 
889232 
872849 
889233 
868755 
889235 
889236 
258452 
868757 
889238 
885143 
889241 
876956 
889244 
889245 
876958 
885151 
881055 
889251 
221604 
881060 
889253 
889255 
889257 
889258 
889262 
889263 
872881 
889267 
225715 
889271 
889272 
889275 
889277 
889278 
881088 
889280 
889282 
889285 
889286 
889287 
889289 
885194 
885197 
885203 
164310 
881111 
885211 
881115 
192991 
823780 
344550 
168425 
901611 
279021 
868852 
877045 
868854 
414199 
889337 
389633 
61962 
901647 
647704 
872984 
754202 
115226 
872989 
12830 
131616 
148000 
143910 
270893 
25133 
889393 
885303 
70201 
889404 
885310 
864830 
152129 
78401 
881229 
193101 
901710 
877134 
815695 
135759 
877142 
881238 
881246 
873071 
103026 
684659 
828020 
881270 
877179 
885373 
569982 
78464 
103042 
873092 
885380 
266893 
45713 
881298 
762516 
123545 
864927 
901795 
275110 
881321 
783017 
885417 
869033 
885419 
873146 
164540 
164542 
885440 
877250 
803523 
877256 
877258 
881355 
385750 
537303 
901848 
164571 
881373 
877278 
840415 
885474 
877283 
889573 
860903 
885480 
885488 
901873 
185081 
869116 
869118 
795396 
799494 
410375 
901896 
340752 
901912 
877338 
885536 
877344 
901925 
299814 
770855 
815912 
865068 
901932 
398136 
152377 
885562 
873280 
885572 
881479 
78664 
885578 
480074 
70480 
254801 
877394 
877398 
889693 
689003 
885611 
881530 
267132 
877436 
734077 
238465 
885633 
902029 
422797 
889743 
140175 
902033 
881553 
783249 
873363 
902037 
881563 
885661 
877470 
713632 
889760 
877472 
877474 
885667 
881575 
172969 
865196 
877488 
881590 
111543 
877496 
877499 
885694 
840640 
885698 
840642 
885702 
869322 
877515 
869324 
299985 
885719 
795609 
877533 
394213 
877544 
111594 
885738 
152559 
164849 
873457 
127986 
877557 
885749 
877559 
873464 
652283 
99324 
881662 
885768 
889869 
885775 
877588 
885781 
881689 
91179 
869420 
386097 
885819 
156737 
881731 
885831 
865363 
869459 
873564 
99421 
873566 
885856 
877664 
873570 
78953 
881772 
869487 
877680 
226417 
889978 
885891 
881797 
869512 
849037 
844941 
169106 
890004 
803990 
873625 
873627 
885917 
885929 
332970 
119980 
881839 
885935 
193713 
492723 
873652 
873654 
877751 
156859 
636093 
779455 
316609 
873668 
873673 
853200 
283859 
885977 
881894 
861419 
869615 
881904 
873716 
881917 
869633 
881921 
431373 
881937 
877842 
881939 
861461 
886041 
861482 
886060 
886067 
95546 
886082 
34115 
369989 
857415 
484684 
734540 
869709 
890191 
877908 
877911 
869724 
714076 
877919 
877922 
357737 
791926 
42374 
886159 
886163 
890260 
857497 
75163 
480671 
886181 
95654 
877998 
886192 
714169 
882108 
861628 
873917 
886210 
259523 
325063 
841165 
882130 
882132 
763349 
873948 
878045 
775646 
869855 
878047 
882148 
865766 
878058 
865773 
886256 
857588 
878080 
890371 
673285 
873990 
869898 
873996 
886289 
874007 
837146 
783906 
878119 
103983 
882229 
169526 
886331 
239164 
775742 
886334 
886337 
878146 
562754 
874052 
132678 
837195 
882252 
886357 
452182 
833113 
878175 
767588 
874085 
874087 
882280 
874089 
886378 
874091 
878192 
173681 
857715 
865914 
99968 
874114 
886407 
882320 
886419 
890516 
886423 
882327 
870042 
882335 
882338 
476837 
169641 
878250 
861866 
874156 
399022 
706227 
206515 
890548 
706229 
882361 
857785 
83643 
882369 
886471 
874191 
853711 
886481 
882385 
886488 
890588 
886495 
886499 
345827 
890595 
38629 
882415 
34543 
251633 
874225 
882427 
116481 
874246 
890631 
874249 
853769 
153354 
874251 
878349 
882445 
874253 
886544 
878355 
894740 
882454 
882456 
878360 
878369 
456482 
886564 
112426 
882474 
878379 
427820 
313139 
59190 
259894 
849718 
841527 
890686 
870209 
866116 
886598 
882504 
862024 
886601 
866121 
341835 
882517 
243545 
243547 
870245 
874343 
481128 
104300 
874355 
882548 
878454 
214908 
386943 
878465 
886658 
116614 
874386 
870303 
882592 
886689 
874403 
878500 
477100 
870323 
878516 
427965 
874431 
874433 
812993 
858051 
812995 
866243 
165827 
440262 
726984 
726986 
878542 
112593 
186321 
788435 
870356 
882644 
866261 
141270 
22489 
882649 
743386 
874460 
874462 
882655 
870371 
63461 
468973 
866288 
878578 
882678 
886775 
317431 
890875 
878589 
878591 
878600 
870411 
870413 
874516 
874518 
251930 
112672 
886817 
882729 
886826 
714797 
149551 
866355 
866357 
112693 
870454 
886840 
886852 
882760 
329804 
890969 
157792 
862310 
874599 
174186 
882799 
878711 
784511 
878720 
878722 
157827 
419972 
878724 
379012 
878726 
886926 
882831 
858261 
866455 
370847 
874656 
882849 
317610 
841903 
100534 
874681 
878778 
886970 
149694 
39103 
309443 
850122 
67791 
886993 
239832 
874714 
805083 
874725 
874727 
870631 
882925 
887022 
878832 
878834 
878836 
121077 
129272 
878841 
882945 
862468 
645384 
874776 
874778 
878874 
874780 
96541 
882974 
878878 
92449 
633133 
264494 
887092 
887098 
866621 
616766 
887113 
198989 
211278 
797010 
891219 
874835 
887123 
158036 
84309 
887129 
72026 
887140 
870757 
170343 
870761 
887146 
854378 
874865 
293234 
870772 
874871 
887163 
883071 
878978 
866693 
887174 
162187 
801165 
887182 
854415 
104852 
866711 
866713 
858522 
883103 
887214 
879027 
887222 
887226 
883131 
887229 
178624 
887243 
874960 
879064 
870878 
883167 
285156 
100841 
887280 
514545 
854513 
158197 
850432 
883210 
858636 
862734 
277013 
887317 
408090 
883237 
829989 
174632 
854571 
875053 
887343 
870961 
72246 
748089 
879164 
158269 
883277 
309850 
313952 
813668 
174695 
899690 
563822 
871028 
887415 
879233 
432774 
883338 
129676 
379532 
866958 
883343 
842383 
866960 
760469 
879254 
879259 
440996 
887469 
875183 
879280 
187060 
871103 
883409 
96979 
862934 
879321 
887519 
862947 
101092 
43751 
72425 
883434 
281329 
887539 
887541 
854790 
879369 
830219 
158477 
883469 
887568 
826129 
887572 
883479 
887576 
584482 
887589 
801578 
854831 
867120 
871217 
92988 
68421 
887622 
121671 
875340 
584525 
875345 
863059 
514899 
854871 
879447 
895835 
383841 
879460 
887654 
105321 
887661 
887663 
871280 
883571 
887673 
883580 
121725 
875391 
875393 
105346 
105349 
887688 
859017 
879499 
887694 
875409 
875411 
887720 
887725 
744365 
744367 
883636 
879543 
232375 
879547 
875453 
846783 
887746 
871364 
170949 
871366 
76745 
93134 
883670 
867286 
883678 
879584 
121829 
461797 
879598 
818161 
154611 
228339 
113658 
887803 
879621 
871434 
871436 
121871 
879634 
887827 
89110 
859159 
171032 
121881 
887835 
281630 
875555 
875557 
416808 
269354 
330796 
146477 
883761 
887862 
748602 
887877 
891975 
298060 
887885 
851033 
875615 
883808 
257121 
216164 
875620 
834668 
879742 
887934 
887945 
830605 
887951 
113814 
887964 
93344 
863396 
113830 
359590 
879782 
93353 
875694 
875696 
883888 
879796 
875704 
887994 
195771 
195773 
138432 
883907 
871629 
871632 
888019 
867545 
867547 
888027 
810205 
855266 
888041 
883949 
326897 
855282 
863475 
859379 
838905 
888058 
888062 
797953 
888065 
883977 
867595 
183563 
851211 
879887 
875796 
883993 
875805 
867613 
867615 
519456 
879905 
208164 
888106 
310582 
888120 
871737 
871739 
888128 
85314 
888131 
875856 
720210 
875858 
367954 
888147 
216406 
888151 
843096 
855396 
724334 
867712 
884107 
888205 
875918 
888209 
888211 
28052 
880020 
888213 
888215 
843160 
843162 
376218 
880029 
732573 
880031 
888224 
60837 
884141 
867758 
888241 
888243 
880052 
150965 
888248 
880064 
863681 
818627 
888260 
163268 
839111 
888267 
884172 
884175 
138706 
880084 
740823 
888280 
851416 
69082 
884193 
167398 
888297 
749040 
888306 
888314 
191998 
888324 
880133 
413190 
880137 
232970 
843275 
888333 
876049 
876051 
871962 
880155 
876062 
843306 
888367 
871983 
863792 
876081 
888369 
699955 
847414 
888377 
884283 
884285 
876097 
249414 
884299 
360013 
171597 
888398 
417363 
888405 
880218 
888412 
114268 
888417 
818789 
876138 
888426 
245354 
691819 
876140 
876144 
855666 
876146 
876149 
876151 
888449 
360067 
355971 
851588 
888452 
491141 
872070 
872072 
843404 
69262 
843406 
888468 
863897 
888475 
888477 
118434 
40611 
855715 
855717 
327334 
872103 
421549 
888500 
884406 
274105 
888505 
880314 
868027 
884415 
888512 
888523 
855760 
147161 
888545 
880353 
888547 
888549 
872169 
884460 
872178 
347891 
876275 
872180 
884471 
302846 
888574 
888576 
888578 
241413 
888584 
77577 
864010 
888587 
737036 
888589 
737038 
880398 
765715 
864020 
880406 
884506 
884510 
110366 
888607 
884512 
876323 
888613 
888615 
888618 
872234 
7978 
859947 
884524 
872236 
888621 
818992 
818994 
868148 
868153 
884538 
888636 
413503 
859968 
884545 
888643 
888645 
884549 
98118 
880456 
163660 
888653 
884560 
872277 
888664 
884570 
888666 
888671 
888674 
888675 
880483 
704355 
888676 
106342 
888682 
855916 
880495 
266095 
876402 
876404 
888694 
868214 
884599 
888695 
888698 
888699 
888703 
888704 
888705 
888706 
888711 
888712 
888713 
888717 
888719 
212879 
888723 
884627 
888724 
888725 
888727 
888729 
876443 
888731 
888732 
888733 
888736 
888737 
888738 
888742 
114599 
872363 
888749 
888755 
888756 
851892 
888757 
241592 
888760 
888761 
884669 
876477 
888768 
200642 
888770 
470979 
896964 
888773 
888776 
888778 
860106 
81866 
380875 
888779 
888780 
888781 
888782 
106447 
888784 
888785 
888786 
479186 
884690 
888787 
888788 
888789 
888790 
888791 
860119 
327639 
888793 
888795 
876507 
888797 
876509 
884702 
843742 
888799 
888800 
794592 
876513 
888801 
876515 
888804 
880613 
466918 
888806 
888808 
884712 
888809 
258026 
405483 
888811 
888813 
888814 
888815 
888816 
888818 
888819 
880628 
888821 
888824 
888825 
888830 
888831 
)

// ************************************************************************* //
