/*--------------------------------*- C++ -*----------------------------------*\
  =========                 |
  \\      /  F ield         | OpenFOAM: The Open Source CFD Toolbox
   \\    /   O peration     | Website:  https://openfoam.org
    \\  /    A nd           | Version:  dev
     \\/     M anipulation  |
\*---------------------------------------------------------------------------*/
FoamFile
{
    format      ascii;
    class       faceSet;
    location    "constant/polyMesh/sets";
    object      showerInlet;
}
// * * * * * * * * * * * * * * * * * * * * * * * * * * * * * * * * * * * * * //


333
(
109569 
108551 
107529 
108553 
108555 
107532 
108557 
106510 
109582 
108562 
106517 
107542 
108568 
109594 
107548 
109598 
107551 
106528 
109605 
109606 
108588 
106541 
106544 
107569 
108595 
106548 
109628 
107582 
109633 
107586 
106569 
106576 
107601 
108627 
106582 
107608 
106586 
108635 
109660 
107619 
107620 
108645 
107625 
108649 
106604 
108654 
107640 
107641 
107643 
107645 
108670 
107646 
106624 
108673 
107649 
106634 
108684 
108691 
107669 
106645 
108693 
106653 
108707 
109734 
108710 
109736 
107688 
109738 
108715 
107693 
108718 
109743 
106671 
108721 
106674 
107699 
108726 
109751 
107705 
108730 
107709 
109762 
107717 
106693 
108746 
108752 
108754 
107733 
108757 
107736 
108761 
107738 
109786 
107740 
107741 
108765 
106718 
107742 
108778 
108780 
107757 
108781 
106734 
108785 
106740 
107767 
108795 
107772 
108804 
108805 
108807 
108808 
107787 
108811 
108813 
107792 
108817 
107796 
108824 
106777 
107805 
108830 
108833 
108834 
108837 
108839 
108843 
108844 
107820 
108845 
106799 
107824 
108849 
108850 
106804 
108852 
108854 
107832 
108857 
107834 
106819 
108869 
108870 
106826 
106829 
107857 
108882 
107859 
106836 
108885 
107864 
108889 
106842 
107868 
106848 
107873 
107878 
108903 
108906 
107883 
107888 
108913 
108916 
107894 
108919 
107897 
107898 
108931 
107912 
108938 
108939 
108941 
107920 
107924 
106900 
108952 
106908 
108956 
107933 
106912 
108960 
107936 
106918 
108967 
108974 
107956 
107960 
108984 
107961 
107962 
108990 
107966 
108999 
109000 
106955 
107980 
106957 
109011 
109015 
106968 
109018 
106974 
109025 
106981 
109032 
108008 
106984 
108009 
106994 
109042 
108019 
109049 
108038 
107043 
108071 
107048 
107050 
108077 
108079 
107058 
107060 
107062 
109121 
109123 
108100 
107077 
109126 
107094 
108123 
109149 
107101 
108127 
107104 
107110 
107115 
108142 
108146 
109172 
109173 
107125 
109174 
107127 
107129 
109180 
107133 
108162 
109188 
108165 
108186 
108190 
109219 
108203 
107185 
109236 
108244 
108251 
107228 
108256 
107238 
108263 
107244 
108273 
108280 
108290 
107271 
107273 
108307 
109335 
108316 
108322 
108324 
107303 
108330 
108332 
108333 
107321 
108348 
108350 
109385 
107338 
107341 
109390 
108371 
108372 
109401 
109405 
108381 
108383 
107362 
108393 
107370 
109419 
107373 
109421 
108406 
108409 
107386 
107393 
108417 
107398 
108432 
109463 
107416 
108450 
108451 
108454 
108459 
108462 
108466 
107444 
109499 
108476 
107456 
108486 
107463 
108491 
108494 
108500 
108501 
108505 
107488 
107491 
109544 
107497 
108523 
108527 
109553 
106483 
107508 
106486 
107513 
106489 
108541 
)

// ************************************************************************* //
