/*--------------------------------*- C++ -*----------------------------------*\
  =========                 |
  \\      /  F ield         | OpenFOAM: The Open Source CFD Toolbox
   \\    /   O peration     | Website:  https://openfoam.org
    \\  /    A nd           | Version:  dev
     \\/     M anipulation  |
\*---------------------------------------------------------------------------*/
FoamFile
{
    format      ascii;
    class       faceSet;
    location    "constant/polyMesh/sets";
    object      waterWall;
}
// * * * * * * * * * * * * * * * * * * * * * * * * * * * * * * * * * * * * * //


6898
(
442369 
704514 
901122 
901126 
425991 
884746 
688141 
753679 
442384 
737299 
884759 
835610 
901146 
884764 
884766 
720930 
32808 
262186 
802858 
884781 
884785 
294963 
671795 
852023 
884796 
868412 
884800 
819266 
884805 
622661 
884808 
409674 
884812 
671821 
606285 
884815 
819281 
704595 
852052 
884820 
868437 
524373 
884823 
868441 
868443 
770140 
884829 
49247 
868447 
835682 
671843 
802915 
114792 
852077 
655474 
786546 
557173 
884854 
721015 
229496 
753786 
852093 
458878 
884862 
884866 
786569 
868490 
442510 
622736 
671888 
819344 
770192 
311443 
639123 
508052 
884884 
639126 
868503 
819352 
884888 
360601 
868505 
802972 
884893 
901279 
868511 
213159 
475308 
770221 
884910 
884914 
590005 
786613 
622774 
884918 
590007 
901309 
835773 
360637 
344254 
409790 
540869 
770248 
688329 
835786 
884939 
835788 
901324 
868558 
868560 
557264 
852178 
901330 
770262 
884952 
868572 
868577 
704740 
819433 
884975 
819441 
704755 
852224 
688385 
884994 
786690 
819461 
737545 
885001 
803085 
786701 
868623 
835857 
885010 
901395 
901398 
819480 
885019 
737564 
819488 
786721 
835876 
885029 
688426 
885036 
442670 
852271 
901427 
885043 
852281 
655673 
737594 
885051 
885053 
803133 
491843 
590148 
885063 
65864 
852296 
885065 
786762 
852299 
885067 
819534 
868686 
885072 
868688 
786769 
835924 
786775 
409944 
852313 
803161 
606556 
885087 
655711 
868704 
835938 
885092 
770405 
819558 
737639 
344427 
885099 
885100 
852334 
901488 
868720 
901491 
885108 
721270 
901500 
885117 
835967 
868738 
901507 
508295 
672138 
885131 
672140 
786829 
819599 
508305 
639381 
868758 
442777 
393628 
885149 
426397 
491938 
721316 
754086 
885159 
885160 
819625 
885162 
852397 
885165 
360880 
885171 
672181 
885175 
901561 
786878 
885184 
885186 
868803 
885188 
868807 
836039 
885192 
901580 
770511 
868816 
885204 
442847 
623071 
885215 
639462 
901608 
754152 
836075 
819697 
885233 
557557 
885237 
885240 
868860 
688647 
852489 
885261 
885264 
639507 
885267 
868885 
868894 
852511 
836128 
737825 
885284 
639531 
885292 
770604 
770607 
901679 
737840 
721458 
885298 
852534 
868922 
787002 
852538 
754236 
819775 
868927 
737856 
868932 
885317 
885319 
885322 
885323 
868939 
868944 
885330 
885333 
885336 
459357 
705118 
770654 
885343 
836192 
868966 
885351 
754282 
885357 
885359 
901743 
852592 
868976 
885361 
590451 
885365 
852599 
885375 
852611 
836230 
869001 
803467 
885388 
885391 
885393 
295569 
492178 
213650 
885394 
852628 
787094 
754334 
557726 
819873 
606884 
803493 
541349 
688806 
688808 
737962 
836266 
443053 
885424 
885426 
770738 
885428 
885433 
737982 
656064 
885441 
869057 
672453 
557769 
885450 
836301 
361170 
869074 
885458 
885465 
852698 
803551 
852703 
197348 
885477 
885478 
754406 
803565 
885485 
869104 
885490 
770805 
819972 
901894 
885511 
754440 
525064 
754444 
869133 
869138 
885522 
525075 
606995 
885530 
885531 
394012 
164636 
688925 
803615 
885538 
885541 
836395 
885548 
836404 
885556 
688949 
623416 
770872 
377657 
738105 
836409 
820026 
787265 
754498 
885574 
803655 
705352 
607053 
885581 
852814 
901967 
885584 
885587 
885592 
885594 
885595 
885596 
852830 
885598 
148318 
836447 
787298 
885602 
885603 
869224 
803690 
770925 
885613 
901997 
525167 
869232 
787312 
656241 
820083 
885619 
754551 
574329 
459641 
803708 
885629 
885631 
836484 
885641 
885643 
410508 
885645 
885650 
754578 
590739 
885652 
852887 
607131 
836509 
820126 
869288 
639912 
852907 
885677 
885678 
885681 
885687 
197561 
869313 
771010 
197575 
885705 
885706 
869325 
787412 
836566 
885721 
885722 
869339 
852955 
869343 
885728 
787425 
885729 
885731 
33763 
803812 
885733 
803813 
820198 
754662 
328680 
885736 
377833 
885739 
492524 
852972 
869359 
476146 
820211 
672757 
869365 
820213 
558071 
590840 
852984 
885753 
885755 
885763 
705539 
869382 
820234 
885773 
50191 
689168 
869395 
885782 
656407 
558104 
885792 
295968 
754721 
820257 
885793 
885795 
377894 
820262 
885803 
885805 
869421 
885807 
869427 
312373 
869438 
853056 
885825 
672833 
296002 
869444 
869446 
656458 
853067 
115787 
885837 
853072 
820311 
885854 
607328 
853093 
885861 
869480 
836713 
754796 
885869 
885874 
787570 
803955 
672885 
885877 
853110 
689270 
885879 
853117 
722046 
803966 
672898 
525442 
869508 
558213 
787599 
885905 
787603 
885908 
656533 
607387 
885918 
820383 
836768 
885923 
820389 
623786 
885930 
705709 
33965 
705719 
885945 
885947 
836796 
853184 
885956 
738503 
853192 
885962 
885963 
50382 
492754 
885971 
771283 
820442 
885979 
885982 
853214 
476383 
885990 
296169 
804074 
853227 
885995 
885996 
885998 
525551 
886000 
754930 
869621 
771317 
656632 
886011 
853245 
886024 
804104 
886027 
853263 
804113 
869650 
886036 
574742 
771350 
886038 
853272 
886043 
869660 
853278 
886047 
820512 
886049 
804130 
460068 
787750 
181543 
886058 
886064 
394544 
886068 
869690 
116026 
886075 
771390 
99646 
869698 
886086 
820552 
132428 
378190 
820561 
886100 
869716 
705877 
886102 
705879 
771418 
836954 
886106 
836967 
820584 
869736 
853352 
886121 
886122 
640363 
886124 
804208 
623986 
836981 
787829 
886135 
836986 
886140 
886145 
886147 
886150 
886153 
869771 
427404 
804240 
886161 
624017 
378259 
607635 
869781 
804246 
886170 
869791 
705956 
624037 
804261 
886182 
591270 
886184 
886186 
886187 
837036 
886189 
837038 
886193 
361905 
804274 
869811 
886196 
427446 
509367 
886201 
804282 
869818 
492986 
804294 
853449 
656844 
886225 
853457 
886228 
640468 
771540 
886230 
771543 
869851 
886238 
820703 
378336 
787938 
869860 
361957 
886248 
886249 
427500 
574956 
869869 
624112 
542193 
853492 
869876 
886262 
886264 
640511 
886273 
886278 
722438 
804359 
820746 
886285 
722446 
886290 
886293 
443927 
542232 
886298 
640539 
722461 
837150 
820766 
886304 
738849 
607781 
886309 
83496 
820780 
886319 
886321 
886324 
886326 
17975 
493113 
869950 
804415 
853574 
738886 
542279 
886345 
869964 
427596 
820813 
886349 
886351 
886352 
509520 
886354 
886355 
771667 
689749 
886364 
656989 
886369 
804449 
788065 
558690 
820837 
869990 
231015 
886375 
755304 
837226 
706161 
345713 
870004 
329332 
886392 
394872 
788089 
886395 
722562 
870019 
886405 
853637 
722568 
886409 
706185 
542355 
886420 
870039 
722589 
886431 
722591 
853664 
886436 
886438 
853673 
886441 
886444 
788143 
886453 
870070 
837305 
788153 
460474 
837308 
886460 
853693 
542397 
181951 
886466 
886467 
706254 
886484 
706260 
886485 
870102 
886491 
657116 
788192 
886497 
870113 
706275 
886506 
853740 
771821 
886516 
837364 
886519 
870136 
313082 
542460 
739070 
870142 
886526 
886529 
542465 
820994 
886532 
837383 
886538 
886539 
771854 
886542 
886545 
624411 
870172 
804639 
542495 
886560 
395053 
886574 
886576 
624434 
263987 
886579 
886580 
886582 
804662 
886584 
886587 
870203 
395071 
231231 
493379 
837445 
689994 
149322 
558924 
886605 
886608 
624467 
395094 
821081 
690010 
886619 
886621 
870237 
886622 
870242 
886627 
116582 
886630 
739175 
886632 
870248 
853865 
722794 
526187 
886635 
821100 
886637 
853872 
870258 
886642 
886645 
821110 
739194 
345978 
788347 
378747 
886651 
886653 
886655 
214911 
853888 
722820 
886660 
427910 
886662 
886664 
821132 
444303 
673680 
886674 
346006 
886678 
771992 
526232 
886681 
722844 
853919 
575394 
870308 
886692 
870312 
460712 
559016 
837544 
706480 
886704 
755639 
870328 
886712 
886716 
886717 
214981 
886725 
886727 
886729 
853962 
526284 
444365 
313298 
886740 
624596 
886742 
296920 
509912 
853977 
264154 
624603 
133085 
346077 
837598 
837601 
296929 
804834 
886754 
821220 
870374 
706538 
886764 
657390 
886767 
788469 
788471 
804858 
821244 
821247 
165888 
460800 
788482 
854019 
624649 
821258 
854026 
886794 
837646 
657423 
886799 
886801 
886804 
886806 
854039 
690200 
870428 
673820 
854049 
493602 
886819 
821284 
460838 
460840 
755753 
608299 
788523 
837677 
886830 
837678 
886832 
886834 
591924 
280629 
722997 
886838 
608316 
755772 
723004 
886846 
739392 
886849 
723016 
755792 
493651 
886868 
510037 
886872 
886875 
870494 
886881 
886885 
804966 
821351 
346217 
428140 
624749 
772205 
657518 
591987 
886900 
886901 
772214 
870519 
886903 
329849 
854137 
886910 
313470 
886911 
886913 
886914 
886915 
886916 
706694 
886920 
886922 
837775 
886927 
870544 
870545 
886929 
641170 
592019 
706707 
592023 
821400 
886936 
886938 
182426 
641179 
297117 
886944 
870561 
641186 
837802 
673963 
805036 
886956 
854189 
821422 
493743 
821424 
788658 
805045 
641207 
198844 
166077 
886976 
886977 
886980 
215237 
886983 
739529 
854218 
886988 
18639 
772304 
411858 
886995 
854230 
887000 
837848 
870618 
854236 
624862 
870624 
887009 
887010 
772323 
887011 
362723 
854246 
887014 
772326 
887016 
821485 
477422 
887024 
395506 
755955 
854262 
887030 
788728 
657657 
887033 
887035 
821500 
887036 
690429 
887038 
870655 
821505 
887042 
870658 
887044 
854278 
887046 
739591 
411912 
870664 
870666 
149771 
755981 
870669 
198931 
657683 
887060 
772373 
887063 
887064 
870680 
887066 
624923 
510235 
624926 
641310 
887072 
723232 
887075 
887080 
887082 
870698 
887083 
821549 
805166 
510257 
887089 
837940 
887102 
887103 
756032 
870725 
887111 
559434 
887116 
706892 
739661 
887117 
887119 
526672 
723281 
264533 
248156 
887132 
199008 
887136 
837986 
887138 
821605 
887141 
493929 
723306 
887147 
756077 
870767 
887154 
297332 
887158 
838012 
870782 
723328 
887171 
887172 
788870 
870791 
870798 
870800 
887186 
838034 
887187 
690579 
838037 
805270 
887194 
838043 
510364 
870813 
84382 
887199 
690591 
870815 
887200 
887201 
493986 
887203 
788899 
887206 
723369 
854444 
870831 
887219 
870838 
887227 
870844 
674240 
887234 
199107 
838084 
772553 
739785 
788939 
870860 
739790 
805331 
887253 
887254 
215513 
887258 
838108 
887261 
461281 
461283 
887270 
674280 
887272 
231913 
887275 
887276 
870893 
510450 
838130 
870898 
887282 
788981 
379382 
281080 
264696 
887289 
887290 
838141 
870913 
739841 
510467 
887300 
330244 
887301 
838152 
379402 
887308 
543244 
592397 
756238 
854542 
870927 
887311 
576016 
887312 
707091 
887315 
887318 
494109 
723485 
887325 
870942 
494112 
887329 
297506 
887331 
854563 
887335 
854569 
739883 
887341 
756270 
887344 
887345 
887347 
838197 
789046 
887351 
772664 
887352 
772667 
657979 
723515 
887355 
870976 
887360 
838209 
592450 
870982 
854599 
887367 
887370 
870987 
887378 
870996 
739925 
805464 
379480 
887385 
871001 
887388 
838239 
772703 
821856 
232036 
887397 
428648 
854639 
543344 
363122 
887411 
838259 
887413 
756344 
707194 
871035 
854652 
871037 
821887 
854655 
461440 
871042 
854659 
821893 
871053 
772753 
887444 
838297 
805529 
871066 
739995 
772764 
887453 
887455 
789153 
887459 
887461 
805544 
887465 
756395 
805549 
592559 
805553 
707251 
805556 
821942 
887481 
871098 
756410 
887483 
887484 
527037 
592575 
789183 
592576 
707266 
887494 
887497 
887499 
871117 
740046 
838352 
887507 
821974 
887511 
707288 
887512 
510685 
854751 
821985 
658145 
756451 
887524 
641764 
887533 
838383 
592623 
887536 
887537 
494322 
887545 
346876 
871164 
314110 
887552 
887554 
838402 
756487 
477961 
887561 
641802 
887563 
887564 
887566 
871186 
887570 
871188 
887573 
838424 
887577 
510750 
887585 
887591 
838441 
887594 
854829 
887599 
887602 
789299 
887604 
461622 
740151 
854839 
527164 
854845 
396093 
740157 
887616 
854850 
871235 
887620 
805703 
887624 
887625 
789323 
871245 
674640 
887636 
658261 
871256 
887640 
412507 
887645 
887647 
887648 
674657 
887649 
887650 
887651 
871269 
740200 
756584 
838507 
330604 
838513 
887671 
871287 
887674 
871292 
871294 
887678 
887680 
805760 
887682 
887683 
871300 
887689 
756618 
887691 
887692 
19341 
887702 
887705 
887706 
887708 
854942 
887712 
658336 
707489 
887713 
887714 
625571 
887716 
822181 
887718 
756646 
789414 
576423 
887723 
871342 
887728 
887730 
871348 
887735 
887736 
887737 
887738 
854970 
871354 
854973 
625597 
822206 
887743 
887744 
560064 
52161 
887749 
756679 
871369 
871370 
805835 
887757 
740301 
887759 
773071 
887761 
347089 
838610 
887762 
838613 
887765 
527319 
887767 
871385 
822237 
887773 
642017 
887777 
658402 
887779 
756708 
887782 
887785 
805866 
887787 
723949 
805869 
494574 
887791 
609268 
887799 
658425 
887805 
887809 
871425 
887811 
887813 
855048 
674826 
494604 
642064 
691216 
887825 
838678 
887831 
887836 
871453 
756765 
838686 
838688 
887841 
871458 
805923 
887844 
85028 
822308 
724005 
838696 
248873 
756778 
887850 
773162 
887855 
887856 
887860 
429109 
887863 
871480 
232504 
855096 
887865 
740411 
887868 
740417 
789569 
887879 
887883 
740428 
887886 
887888 
609362 
887890 
330835 
887892 
887894 
871511 
543831 
756824 
707672 
887898 
609372 
887901 
887904 
887905 
330850 
592998 
773222 
887911 
887913 
822382 
871536 
478321 
887922 
887923 
838774 
691320 
773241 
887930 
609402 
855165 
887936 
822400 
117891 
887942 
855176 
216201 
838794 
707724 
150672 
855186 
887954 
740499 
887955 
855189 
887957 
887958 
691351 
871575 
314521 
887961 
871579 
871580 
806044 
871583 
855200 
494752 
855201 
887969 
838817 
658597 
887976 
740523 
789676 
740526 
314543 
887983 
838833 
871602 
822450 
887990 
871608 
887992 
609465 
855225 
887995 
871612 
838844 
625854 
888000 
871617 
888004 
740551 
838856 
871625 
888011 
888012 
888014 
888015 
855247 
888020 
888024 
822489 
871643 
265435 
855262 
724190 
888030 
888032 
511201 
298209 
871654 
888038 
888039 
281832 
888043 
855276 
888045 
888048 
527601 
888050 
806130 
789747 
150772 
888054 
806134 
871671 
888056 
838907 
888063 
871680 
888066 
478466 
888067 
806148 
888069 
740614 
888071 
888075 
888076 
593165 
511246 
838927 
888079 
888080 
789778 
888082 
855314 
888083 
888085 
888086 
593174 
888087 
888088 
888089 
822556 
855325 
806174 
871713 
888099 
757028 
838948 
855332 
838950 
888103 
806183 
380204 
871725 
888115 
855348 
691510 
789815 
658744 
789817 
888122 
888123 
855356 
658748 
871743 
888130 
789829 
855366 
871751 
888139 
871759 
478543 
838992 
888145 
855378 
888148 
855380 
888149 
724311 
888153 
888155 
888159 
888160 
888163 
888164 
593253 
560488 
888170 
757100 
888174 
855407 
888177 
888178 
691570 
888179 
232823 
888183 
888184 
888186 
888187 
888188 
888191 
642435 
888196 
888198 
888201 
888202 
839050 
888203 
855441 
888212 
675222 
871833 
888217 
724378 
888219 
871836 
789918 
560547 
888228 
658855 
806313 
888233 
626091 
560555 
888236 
871852 
888238 
839089 
888245 
757178 
888250 
888255 
871873 
855490 
675266 
888261 
511431 
806344 
888265 
888270 
888271 
888273 
642515 
593368 
888282 
347610 
839130 
609754 
888283 
773597 
888285 
822751 
888287 
888289 
855523 
888292 
888293 
806373 
888295 
675303 
347627 
871915 
888299 
888300 
888301 
888303 
888305 
724466 
822771 
888309 
888313 
790013 
888319 
888320 
888322 
888325 
871941 
888326 
822793 
888330 
888331 
888334 
790030 
773649 
888337 
871953 
888339 
888340 
757269 
888342 
888343 
708120 
888345 
888347 
282139 
888349 
773661 
839197 
855581 
888351 
871968 
888353 
560674 
806435 
888356 
806437 
888358 
888361 
740905 
888362 
642603 
888364 
855596 
888365 
855598 
790064 
888368 
708146 
888373 
888374 
855607 
888376 
642616 
839225 
888378 
740925 
888384 
609857 
888385 
642626 
888386 
888387 
888389 
527941 
888390 
855624 
872008 
888395 
888396 
642638 
888399 
888401 
872018 
888402 
888403 
724563 
888406 
888409 
888410 
888411 
708187 
888413 
446047 
888415 
888421 
839271 
855656 
790121 
888427 
888431 
790129 
888433 
724594 
69234 
888435 
888436 
888437 
200310 
888439 
446072 
888440 
888441 
888442 
888445 
888447 
888448 
888450 
888451 
855684 
708229 
888454 
855687 
888456 
822920 
609929 
888458 
872074 
888459 
872077 
888461 
888464 
888466 
741010 
609939 
888469 
872085 
888471 
888472 
872088 
888473 
888476 
872093 
888478 
888479 
593568 
888482 
888483 
888484 
888485 
872101 
888486 
888488 
609960 
888490 
888492 
888493 
626349 
888494 
888495 
511664 
888496 
872112 
593585 
806577 
888501 
724661 
888506 
888507 
839355 
560828 
888508 
888509 
822973 
790206 
888513 
757441 
380612 
855749 
888520 
888521 
888525 
872144 
85714 
888531 
888532 
298709 
888535 
577239 
298712 
888536 
626395 
888539 
528092 
888540 
888541 
888543 
888544 
560866 
888546 
560870 
888550 
511719 
888551 
823016 
888553 
888554 
757482 
872171 
888559 
888560 
626416 
855794 
888564 
708341 
888565 
888566 
839416 
888570 
888571 
675584 
888577 
839425 
757507 
855813 
888583 
708360 
888585 
888586 
872203 
888588 
888590 
888591 
888593 
888594 
888595 
888596 
888599 
888600 
888602 
413466 
855835 
888603 
888604 
888606 
823071 
888608 
888609 
790307 
888612 
134949 
872229 
888614 
692008 
888616 
446248 
888619 
888622 
790319 
888625 
888626 
888627 
888629 
888631 
593719 
872248 
888632 
855866 
888634 
773948 
823101 
888638 
888639 
872256 
495424 
855876 
888644 
397126 
888647 
888649 
888650 
888651 
888652 
364369 
888657 
888658 
298835 
315220 
888660 
888661 
888662 
839511 
888663 
724823 
855896 
888665 
888668 
888670 
888673 
888677 
823143 
888680 
479080 
741228 
888685 
888687 
888688 
397170 
888691 
888693 
593785 
888697 
888701 
823168 
577409 
626564 
888708 
888709 
888715 
888716 
855949 
888718 
692110 
888720 
348049 
888722 
872339 
888726 
888728 
233369 
659355 
888734 
757667 
888740 
888741 
610216 
888747 
855979 
888748 
888750 
872367 
888751 
888752 
397232 
872370 
888754 
266162 
839604 
872373 
888759 
479161 
888762 
888763 
872380 
888767 
839616 
479171 
888772 
643012 
823238 
888774 
659398 
724934 
888775 
806859 
741327 
872403 
856021 
872408 
856024 
888792 
856027 
888796 
856033 
888805 
610281 
888810 
774122 
806891 
856043 
888812 
462830 
823281 
692209 
790515 
446452 
888820 
839670 
888822 
888823 
823287 
856055 
888826 
888827 
561148 
872444 
888829 
724991 
888836 
888839 
888841 
872458 
512011 
856075 
430092 
856078 
888847 
888850 
888856 
856088 
888857 
626713 
593950 
888863 
888865 
200738 
790562 
446499 
856099 
888872 
708648 
888873 
888876 
364588 
888880 
823348 
659510 
708664 
741433 
888891 
561221 
888906 
594000 
888916 
888919 
823386 
888927 
856160 
872546 
888931 
872548 
872549 
741478 
741484 
872557 
708718 
872562 
872563 
888948 
888950 
888955 
741500 
544893 
413822 
888958 
888962 
856198 
872583 
807050 
888974 
594065 
888979 
872595 
86165 
282774 
626839 
888985 
463005 
364704 
774304 
594082 
888999 
676007 
577705 
889009 
823483 
889020 
856253 
626881 
889029 
577736 
856264 
889032 
512202 
872650 
889035 
725201 
757970 
512211 
364757 
856278 
889047 
856279 
889048 
889051 
676064 
872673 
872675 
790755 
889066 
889067 
823533 
889069 
102641 
626929 
889075 
790774 
889080 
839930 
659714 
889090 
184580 
774404 
807173 
839942 
872710 
872712 
889097 
725258 
692494 
102672 
610578 
479507 
807190 
725271 
889111 
823578 
774426 
102683 
872732 
889122 
741666 
250148 
856356 
889125 
839973 
889126 
872744 
889128 
889129 
872745 
889131 
889132 
463148 
774445 
856368 
839992 
889147 
758078 
315710 
889151 
725312 
725314 
807234 
692546 
889156 
725317 
430407 
889161 
856396 
872783 
889168 
479569 
446802 
840023 
889176 
889177 
758105 
872793 
184666 
889179 
708955 
872798 
315742 
889183 
659817 
545135 
889200 
807282 
594290 
528754 
495987 
250227 
872825 
823674 
889212 
758140 
889217 
528770 
823684 
774534 
823688 
594312 
889225 
889227 
889229 
823694 
807311 
790930 
889234 
889237 
872854 
807318 
643481 
889242 
790938 
381344 
889248 
889252 
889256 
889259 
807341 
790960 
856497 
889265 
889266 
872885 
741814 
807353 
889273 
889274 
119227 
790971 
889276 
217541 
856520 
381384 
610762 
315851 
823756 
840142 
790991 
872916 
872930 
823778 
840172 
807405 
741875 
872948 
528886 
791031 
37368 
233977 
872953 
610811 
823809 
856577 
201220 
807429 
315910 
856587 
840207 
545296 
823831 
643609 
774684 
53788 
643617 
856617 
496171 
758319 
823856 
201268 
807477 
381495 
873019 
840253 
823870 
856638 
873028 
135748 
791109 
463430 
807499 
692812 
807504 
856656 
873040 
873043 
791128 
741976 
545372 
873056 
840288 
643681 
873058 
545381 
299622 
823910 
283238 
463464 
856681 
840299 
594547 
823932 
184956 
447102 
709247 
873088 
873089 
774786 
840324 
840327 
856711 
692875 
840332 
578190 
561810 
774807 
807577 
414362 
856735 
873120 
627364 
873125 
791209 
873134 
873136 
660146 
856755 
725683 
856758 
774845 
561859 
496324 
250565 
709323 
791245 
742096 
840408 
873182 
381676 
283373 
873199 
561904 
807668 
742133 
840439 
856824 
873211 
774911 
807685 
529164 
824076 
807697 
824084 
873237 
840473 
824094 
873247 
840487 
742184 
512808 
693034 
135979 
774960 
873272 
332600 
873274 
856895 
774975 
774977 
873293 
562003 
774997 
480086 
807770 
562011 
562016 
725857 
856933 
660328 
856939 
791411 
234355 
201592 
758650 
693121 
217991 
201609 
430988 
873358 
512910 
824208 
807827 
873366 
807831 
873371 
775069 
398239 
562083 
627620 
840613 
873384 
791468 
889781 
807862 
857023 
807874 
873415 
201675 
857036 
791502 
873425 
234451 
529369 
889818 
857051 
709596 
791521 
480226 
873443 
283624 
758765 
414702 
726003 
578551 
857079 
594936 
840697 
742394 
873468 
873469 
119807 
775169 
824326 
857094 
758798 
693265 
873495 
37914 
840731 
807966 
250921 
726082 
857155 
742469 
169033 
873545 
611404 
463949 
480337 
70738 
611410 
840789 
300120 
873567 
382049 
447589 
857191 
726120 
611435 
709741 
709743 
840823 
382078 
595073 
676993 
349317 
742536 
578698 
578700 
611474 
840853 
873623 
808093 
742562 
513190 
152743 
431274 
873643 
758968 
496825 
873657 
873659 
677052 
758973 
218306 
693444 
283851 
873677 
627920 
857299 
136410 
70877 
726237 
873695 
791777 
873698 
890082 
857324 
873709 
824558 
873713 
316676 
824581 
873739 
562444 
496909 
873742 
414994 
660755 
283924 
759060 
857366 
824599 
300315 
808224 
890149 
857384 
726315 
841006 
890161 
513335 
218432 
857413 
791879 
873799 
857421 
841038 
480592 
742737 
873813 
857433 
660830 
824671 
546143 
824674 
808292 
857447 
791912 
234858 
546156 
234870 
513403 
857472 
841098 
742797 
873877 
873879 
578970 
857498 
87451 
644508 
873886 
824735 
791970 
824740 
775593 
611755 
841133 
218548 
841142 
841145 
415164 
382403 
873931 
808395 
824781 
447950 
824783 
857556 
726485 
873942 
857558 
677350 
841197 
431597 
857584 
677367 
857591 
824824 
873979 
824835 
857605 
628232 
431627 
824850 
874005 
890390 
775709 
824870 
513576 
857642 
857645 
579118 
808496 
710193 
677428 
497219 
824900 
874053 
857673 
874057 
792140 
251470 
710222 
824910 
824922 
874074 
890466 
874083 
841318 
611944 
120425 
857719 
382583 
530040 
857726 
792190 
693892 
644741 
841351 
808583 
857737 
874123 
874127 
759440 
677523 
874138 
448157 
677536 
710306 
448167 
5802 
448170 
890542 
579256 
415417 
825019 
841404 
857790 
874174 
841407 
415426 
513730 
874180 
612036 
841416 
775880 
284365 
808658 
87765 
874200 
464600 
677594 
874206 
710367 
120544 
825062 
235241 
890604 
382702 
612080 
710385 
694002 
841463 
775928 
677624 
153340 
874237 
890621 
808703 
120577 
726785 
743169 
874244 
251661 
874255 
792336 
841491 
857880 
874265 
808729 
792346 
562971 
825116 
153380 
726826 
497453 
808752 
874291 
874298 
857919 
759615 
874307 
857924 
792389 
841544 
857947 
874332 
857950 
628583 
857961 
464745 
841577 
759660 
251761 
776051 
513908 
841593 
694138 
497537 
890758 
874375 
726920 
595849 
661386 
677770 
235409 
858003 
464787 
595865 
858014 
874405 
874407 
497577 
448427 
841645 
874420 
317365 
874424 
661434 
874442 
858059 
743371 
841684 
858070 
874454 
759770 
841695 
874466 
858082 
858086 
841704 
890866 
595960 
841728 
858115 
841734 
825352 
874504 
677897 
776210 
841755 
825380 
464935 
514087 
661549 
858162 
677941 
464952 
874554 
514107 
825404 
841793 
809029 
858183 
874570 
661580 
251983 
628816 
825435 
399455 
858208 
874592 
399471 
858223 
874608 
874609 
432249 
874633 
645257 
858250 
874635 
825485 
874639 
317589 
858264 
891032 
694425 
874657 
891044 
825510 
825517 
759983 
678065 
858289 
317619 
874677 
186550 
858296 
858299 
858305 
874692 
121028 
858315 
841932 
891091 
874711 
825559 
760023 
694488 
579801 
563424 
858337 
694497 
874723 
809187 
350436 
645351 
727272 
874729 
792809 
678122 
710890 
710893 
858352 
874740 
727284 
661749 
547062 
792824 
317689 
841977 
481541 
841989 
841990 
874760 
39176 
841994 
792842 
563476 
760087 
858392 
530714 
792860 
727325 
874783 
825632 
792868 
874789 
776487 
710951 
629043 
842035 
317747 
874806 
842038 
842040 
596280 
661818 
809275 
743740 
858429 
399685 
874822 
792908 
858454 
874839 
825689 
612700 
842079 
399712 
432487 
366958 
874868 
678261 
776568 
891261 
842111 
825731 
629135 
399767 
612769 
465318 
825775 
858546 
874933 
55736 
711099 
367037 
825790 
891326 
727491 
874949 
858568 
793041 
825809 
268757 
842199 
858585 
858590 
825825 
874978 
858594 
776675 
858597 
858604 
842222 
825838 
350703 
399856 
776689 
858609 
825859 
727560 
612872 
743946 
809485 
285197 
858643 
711196 
170525 
809504 
760359 
530983 
629290 
825899 
186930 
711221 
645693 
629312 
875075 
825924 
875079 
858695 
580171 
793167 
744016 
875099 
776796 
875101 
760420 
612966 
875112 
760425 
842348 
809581 
858735 
842351 
825967 
268912 
875120 
875124 
449143 
825975 
383609 
629369 
105088 
350848 
727681 
760450 
875141 
760453 
809607 
875144 
744074 
481931 
776846 
711311 
760467 
858774 
826009 
301725 
760478 
875166 
875171 
891558 
826023 
842407 
662185 
858794 
350891 
842413 
318126 
891567 
760497 
416434 
367284 
858804 
629432 
776889 
891583 
858817 
826057 
449240 
383705 
711387 
858848 
842469 
760552 
875243 
842477 
613105 
858871 
858876 
875264 
776964 
842502 
760583 
350999 
809751 
793368 
662296 
400156 
842525 
875304 
727851 
547627 
416557 
826158 
662319 
531248 
842545 
23346 
629560 
875321 
891715 
203591 
858953 
793420 
858962 
432979 
858969 
875354 
695131 
875358 
858980 
678758 
711526 
793446 
858982 
875369 
875374 
547696 
531312 
826228 
695158 
695160 
433017 
121722 
842618 
88957 
318335 
400265 
777103 
891800 
875419 
514982 
269222 
646057 
859049 
449450 
514991 
809904 
809909 
498614 
875449 
793530 
777148 
744382 
875456 
433092 
891849 
842704 
220112 
678865 
777174 
842715 
859100 
875484 
891870 
859114 
793585 
367610 
433151 
875520 
629761 
859137 
596996 
646153 
646155 
875533 
646157 
891918 
859151 
384020 
842773 
842778 
875550 
629794 
842790 
826407 
285736 
203819 
842802 
875573 
629814 
678967 
875577 
891965 
40000 
810049 
826435 
351302 
842823 
875591 
875594 
891980 
826448 
482388 
875606 
859223 
891992 
760921 
547930 
859232 
285793 
875618 
711778 
728164 
793701 
875623 
760940 
810096 
269425 
728178 
547965 
744577 
728193 
875650 
302213 
810119 
646290 
842899 
875672 
810136 
875675 
875679 
679073 
826532 
531625 
892073 
220334 
892078 
613551 
810162 
875700 
810167 
842937 
253118 
728255 
646337 
842946 
613571 
793799 
875722 
679115 
826572 
875726 
859346 
859355 
875744 
761059 
384235 
187637 
892152 
843000 
843010 
875780 
630020 
875782 
269574 
843016 
695565 
285973 
793879 
367896 
515352 
859425 
843044 
875813 
220454 
711976 
810281 
679212 
89391 
810295 
777528 
810303 
728385 
433474 
531781 
646472 
810315 
761175 
793945 
597341 
875869 
810334 
826719 
417120 
875876 
810341 
630119 
695658 
826734 
793971 
875901 
875903 
728450 
843139 
843142 
875910 
859527 
515464 
777613 
875921 
810388 
892314 
318876 
875933 
875935 
810400 
761248 
728482 
875945 
777655 
695743 
875969 
24003 
777675 
302542 
875983 
499152 
761298 
744915 
417235 
663002 
679394 
466402 
876006 
892392 
581100 
794095 
744948 
613877 
876021 
876025 
876027 
695806 
876036 
859655 
876040 
892427 
597516 
646669 
695821 
810510 
876053 
876054 
876058 
876064 
515618 
876067 
728614 
89638 
777766 
843304 
794153 
810538 
876075 
777774 
876079 
859699 
876084 
876088 
695870 
876098 
269891 
876105 
843342 
876110 
876111 
777807 
728659 
269907 
826968 
794200 
859736 
876123 
794206 
745056 
679522 
826978 
876131 
876134 
597608 
646760 
794222 
679542 
286330 
794236 
679558 
695945 
843402 
24204 
843407 
876183 
515735 
876185 
859801 
728730 
777883 
515741 
892577 
843428 
794277 
859817 
695984 
876211 
876213 
630456 
483015 
745170 
138966 
106200 
155353 
777946 
876258 
876261 
876264 
614123 
810734 
564974 
827126 
728832 
859906 
663299 
450309 
827145 
302860 
515859 
761622 
876311 
466712 
843556 
778023 
876329 
761644 
745261 
876333 
876335 
859954 
827188 
843572 
876341 
876344 
532293 
859976 
876363 
859980 
810841 
434011 
712539 
843611 
466781 
876384 
712547 
794467 
761702 
876391 
696167 
712565 
712568 
860028 
843646 
483198 
892799 
827263 
778117 
630662 
810888 
860042 
532363 
728973 
794510 
827281 
794513 
843666 
647062 
876440 
843672 
515998 
303009 
843683 
794532 
335784 
794537 
843690 
876461 
712621 
827310 
581552 
434099 
597941 
794553 
876475 
679870 
892865 
712645 
843720 
892873 
712650 
827340 
876492 
860116 
794581 
876505 
860124 
810982 
761832 
630767 
663536 
860144 
810998 
352247 
843776 
630795 
811028 
745495 
876569 
466969 
843804 
516130 
516134 
843817 
827433 
827444 
41014 
876598 
745527 
679991 
221246 
843839 
860224 
696386 
516164 
843846 
778310 
860243 
876628 
876629 
319573 
155752 
778345 
532585 
860266 
811116 
811124 
811131 
614525 
696453 
876681 
876682 
843917 
745616 
811157 
712855 
172190 
794782 
860324 
893100 
843949 
319667 
811187 
860340 
827581 
762045 
876734 
843970 
401608 
794830 
860370 
549075 
516318 
876773 
876775 
450796 
745713 
827636 
581878 
286967 
123128 
499962 
860417 
811266 
745732 
876807 
286985 
876812 
827661 
647438 
844052 
762137 
893210 
827675 
336156 
762142 
270623 
811298 
467234 
598310 
270631 
860456 
401712 
876849 
893233 
680242 
696626 
794932 
631095 
860476 
352573 
876864 
434497 
336198 
352582 
762182 
811337 
860499 
762202 
860509 
565598 
598367 
860511 
680288 
844130 
893284 
336231 
385385 
647531 
352620 
860524 
844141 
876910 
549232 
794993 
663921 
237940 
844154 
811387 
647552 
713099 
893323 
876940 
270733 
631185 
827800 
876962 
860578 
811427 
876969 
860586 
795053 
762286 
860593 
631229 
270783 
844226 
844228 
778693 
876998 
434630 
844230 
205255 
614859 
877008 
860624 
745938 
532946 
860628 
729559 
778711 
877017 
664029 
795105 
778722 
844260 
877036 
549358 
877042 
598516 
860663 
565753 
877050 
303612 
549372 
844292 
827910 
860688 
877079 
893472 
877096 
811563 
877099 
762416 
877107 
205364 
762423 
434748 
877116 
877118 
877126 
402004 
303702 
565846 
762456 
778842 
467546 
860765 
877153 
385634 
860771 
795235 
696932 
746088 
860778 
696940 
877165 
893549 
746094 
844400 
795249 
713335 
844410 
828027 
844412 
631422 
795264 
877189 
860807 
303752 
877194 
844426 
795277 
451219 
877204 
811672 
860826 
811674 
860831 
467615 
795296 
828067 
877221 
352935 
582315 
877229 
877230 
877232 
860852 
893620 
860854 
860873 
697034 
828106 
664266 
598731 
860875 
877261 
811732 
664282 
778977 
811746 
467683 
844526 
860911 
877295 
828144 
893682 
697075 
877299 
828148 
860917 
680694 
402170 
844540 
762621 
877310 
516863 
877314 
877316 
303877 
877320 
811784 
877323 
353036 
877324 
828173 
860942 
844559 
697104 
877331 
877335 
697115 
811804 
844572 
860960 
860962 
877350 
615207 
680748 
58160 
729907 
369459 
877363 
828213 
631608 
795451 
877371 
762684 
746305 
844614 
877384 
500557 
746321 
435031 
254810 
844637 
582496 
828257 
861026 
713570 
861028 
762732 
811884 
205687 
795512 
877433 
746362 
811910 
811912 
861065 
729995 
779148 
877454 
795540 
549783 
861081 
730009 
533409 
811938 
549799 
631729 
779186 
877491 
648118 
549819 
582587 
566205 
795588 
877510 
828359 
779210 
664537 
500707 
877539 
877540 
517094 
680938 
222188 
746478 
877550 
648175 
435183 
844783 
877564 
861181 
861183 
713732 
893957 
762887 
877576 
861192 
828427 
844812 
369682 
828439 
418842 
861211 
320540 
713765 
844837 
648230 
861226 
844843 
435246 
877617 
877618 
828467 
894006 
631873 
517190 
795720 
353353 
877642 
386128 
812115 
468053 
631893 
402518 
828503 
664672 
107618 
91235 
795751 
681066 
435311 
582768 
861296 
582775 
828543 
795776 
894082 
631940 
631942 
894086 
730252 
877708 
222362 
664732 
877726 
353443 
304295 
877736 
877746 
599225 
877755 
828606 
795840 
517313 
861386 
599247 
697552 
746706 
353505 
435426 
877795 
419046 
697576 
517356 
812270 
877807 
353520 
845048 
877817 
763132 
861438 
288002 
468229 
320774 
877830 
812296 
828680 
877833 
877839 
845071 
861459 
484628 
828696 
369952 
877858 
877861 
861480 
877864 
795947 
861488 
173372 
812357 
353611 
828752 
681300 
664926 
812382 
894304 
877920 
845162 
484715 
779628 
828787 
763252 
877942 
861559 
386425 
402812 
714118 
877961 
796045 
877969 
697745 
894355 
861587 
877976 
861595 
861597 
812445 
861600 
632225 
845218 
845220 
665002 
796083 
861620 
566716 
878014 
583106 
796102 
861639 
779724 
665037 
845266 
681433 
665049 
894426 
763354 
75228 
730590 
337382 
861680 
845304 
828921 
419322 
828923 
894460 
665084 
665086 
845316 
796164 
747013 
779785 
665098 
878092 
304657 
878099 
288275 
681492 
878101 
894487 
173597 
878113 
566818 
828964 
550436 
861733 
173607 
583212 
894510 
828983 
845379 
861770 
878156 
878158 
878159 
878162 
697940 
829012 
190037 
501334 
829017 
517721 
861789 
583268 
878185 
861806 
681582 
419441 
632435 
878200 
878209 
681602 
878213 
779913 
648855 
829081 
501403 
730780 
878238 
878241 
861858 
747173 
550565 
861863 
878248 
861868 
812721 
878263 
698044 
599742 
517825 
435907 
468676 
632520 
747208 
435912 
681684 
796373 
616154 
730843 
861915 
878305 
730853 
452332 
157425 
599793 
878324 
747253 
894711 
878332 
124668 
845572 
878342 
354065 
665362 
845586 
763668 
878357 
845590 
599836 
812828 
632605 
812830 
861986 
861990 
829232 
845618 
862006 
878390 
878392 
714554 
665409 
878401 
845634 
878408 
763727 
206672 
517968 
878418 
812891 
665439 
878431 
796513 
845676 
878444 
862061 
878447 
763763 
681845 
206710 
108407 
894841 
501629 
829316 
878474 
698250 
681869 
812952 
878490 
878498 
878502 
829350 
812967 
255911 
436137 
698284 
845742 
272303 
681908 
829366 
796601 
862137 
763834 
419770 
878523 
894908 
845764 
845766 
862161 
714710 
813016 
796639 
796643 
813031 
649196 
894958 
255982 
862190 
780273 
878579 
649205 
845818 
845819 
878587 
567292 
288767 
878594 
829442 
436233 
862219 
796683 
780301 
731151 
862224 
862226 
567317 
469017 
747546 
501788 
452641 
780323 
878631 
862247 
845864 
878633 
878638 
534575 
747570 
337971 
92214 
862264 
878648 
616507 
518204 
747585 
845890 
813125 
731209 
780361 
862282 
813140 
878682 
878685 
501854 
649313 
747619 
878692 
845926 
764006 
714856 
157801 
649322 
321646 
878703 
862323 
813174 
174204 
747646 
895105 
829570 
796803 
731271 
747656 
256136 
698507 
845967 
747663 
682131 
845976 
895134 
862369 
813218 
845990 
501930 
845995 
796844 
583857 
846001 
469170 
518323 
75959 
387256 
846009 
731323 
878780 
829629 
223425 
469190 
420040 
796876 
764109 
846029 
813263 
878800 
813265 
420049 
665813 
387287 
600282 
714976 
747747 
354534 
436455 
633067 
714994 
469238 
878838 
829687 
534776 
141566 
878849 
321793 
649477 
813330 
878868 
878871 
780572 
502048 
878881 
518435 
878884 
878886 
862502 
698663 
878887 
878890 
747818 
780587 
764203 
665904 
698673 
878898 
567605 
895286 
878910 
633155 
878916 
256324 
567624 
715082 
846154 
878925 
862543 
878928 
862545 
420179 
26968 
829787 
780637 
567649 
698727 
862572 
649581 
878963 
207221 
747894 
534908 
764284 
813438 
649605 
846213 
895370 
862605 
813454 
829840 
584083 
862613 
862618 
666013 
846242 
879018 
469421 
879021 
797105 
879025 
354740 
862650 
747962 
567742 
879038 
862657 
305601 
879041 
879045 
846279 
666058 
485837 
846286 
698835 
666070 
584158 
862688 
780769 
862690 
862694 
862695 
469482 
813548 
764401 
43507 
879094 
813561 
879099 
862717 
829950 
829954 
420358 
797194 
666122 
600589 
862738 
879122 
879123 
748053 
879125 
764438 
616983 
879127 
748058 
846363 
797215 
813599 
748066 
879138 
813607 
633384 
879147 
846382 
666158 
797234 
600633 
649786 
879181 
698962 
846421 
240216 
862810 
617052 
879197 
895581 
797278 
862815 
846432 
748128 
338530 
879205 
879215 
862843 
748156 
699006 
666239 
830079 
862850 
830085 
830089 
158345 
567946 
862862 
846478 
731795 
862869 
322199 
780953 
813727 
830112 
879269 
879271 
76458 
895658 
846510 
879287 
862907 
879292 
879304 
748237 
830159 
813775 
879311 
600787 
895701 
879318 
879324 
666334 
862942 
895720 
879340 
846576 
666353 
846597 
862983 
682761 
879372 
649997 
568086 
846617 
879386 
748314 
617251 
830249 
879413 
535351 
863031 
813881 
568124 
879424 
879426 
322371 
863045 
551751 
240457 
469836 
863056 
273235 
813908 
879449 
371547 
830300 
764767 
879457 
666466 
322411 
748395 
699243 
191342 
519025 
895859 
158580 
830324 
781173 
781175 
895864 
895880 
879500 
240524 
879502 
568212 
863125 
863132 
830365 
863134 
879519 
846754 
846758 
732070 
895913 
715690 
568239 
879536 
371632 
879538 
601014 
797625 
699322 
846780 
863165 
879549 
682944 
781253 
125894 
863177 
895946 
879563 
682957 
715729 
797651 
895957 
879573 
601047 
551895 
846810 
748507 
846812 
830434 
863203 
371687 
355306 
797683 
863220 
650231 
879608 
371705 
863226 
830458 
732160 
879617 
732172 
683023 
781331 
748566 
732183 
846877 
879652 
257063 
879656 
699434 
846892 
846894 
568372 
863287 
846904 
175161 
863292 
879678 
879680 
879685 
191558 
863302 
863305 
355409 
846930 
879700 
797782 
846936 
846938 
781403 
846943 
879711 
732256 
846945 
830565 
879718 
60529 
846964 
814199 
93306 
732288 
879746 
797829 
863366 
879751 
863369 
863373 
846993 
830611 
617622 
879767 
863384 
879772 
732317 
191646 
732321 
44198 
830631 
863399 
847018 
437420 
863407 
879803 
830655 
863424 
879818 
683211 
814287 
715984 
797905 
847061 
453848 
879835 
879837 
208093 
847071 
879843 
879845 
77032 
781546 
519403 
863469 
847085 
257265 
797942 
863480 
126202 
896252 
732416 
781568 
830723 
109828 
863502 
879891 
240916 
879893 
781589 
797974 
879899 
896284 
568605 
716068 
388393 
879913 
732459 
830764 
650542 
879918 
847151 
847153 
732470 
732473 
879931 
830779 
863550 
879934 
814399 
585024 
847168 
863560 
568654 
863567 
650575 
863570 
781651 
830806 
748890 
224602 
830811 
699740 
879969 
879971 
748901 
847206 
863595 
781675 
830827 
257387 
879980 
732530 
535924 
863605 
716149 
879993 
470402 
748930 
830851 
863619 
765316 
781701 
880009 
765325 
880016 
699794 
781720 
830873 
683419 
208285 
470435 
601510 
765353 
470443 
290227 
781751 
830909 
847294 
667071 
716226 
814530 
175556 
863688 
503250 
716243 
814548 
716249 
765405 
323038 
880095 
847330 
601573 
617957 
863720 
863722 
830958 
683502 
617968 
830962 
798198 
552440 
781817 
126458 
650746 
191995 
847362 
880131 
863751 
847370 
519692 
880141 
355853 
880144 
880149 
814621 
683549 
454173 
454175 
749088 
388643 
863779 
880164 
667173 
454183 
814641 
699953 
224820 
896566 
618041 
585282 
880194 
339525 
765511 
749130 
749133 
486990 
634447 
732752 
781904 
486992 
847450 
781916 
880220 
863837 
700000 
601699 
765540 
568936 
355944 
388715 
880238 
863856 
765554 
470643 
847479 
536190 
519808 
863881 
77450 
896650 
601739 
405131 
880268 
831128 
618144 
831147 
405165 
847537 
143028 
732857 
650944 
700097 
667329 
880321 
503490 
356034 
847556 
863942 
503494 
831175 
487113 
880336 
700114 
880344 
880347 
880351 
732896 
831205 
241381 
749287 
536296 
831209 
700145 
863985 
798450 
863988 
880375 
863992 
896760 
782072 
831226 
749306 
847612 
798461 
880381 
732930 
880390 
421640 
847628 
618256 
552722 
782103 
634647 
765729 
864033 
864037 
93992 
880428 
765743 
864051 
814901 
864054 
814905 
880447 
749378 
782146 
880451 
831300 
896839 
585546 
814924 
290638 
896849 
733011 
601942 
339798 
700247 
716635 
683869 
339808 
880480 
241510 
880486 
700264 
569195 
880493 
536429 
765808 
585585 
880498 
323443 
765812 
831349 
749431 
438136 
864124 
880511 
798594 
798597 
356232 
864138 
880524 
683918 
651154 
356247 
749464 
765850 
880539 
733083 
880540 
880541 
880544 
880546 
782244 
864164 
126886 
257962 
389042 
290739 
274356 
667580 
831422 
896958 
880579 
356296 
831433 
847817 
880588 
782286 
880596 
634838 
880600 
880603 
749539 
618471 
880618 
618475 
716780 
552946 
716799 
733184 
716802 
782341 
880647 
897032 
454669 
864273 
815121 
307223 
651288 
864282 
864286 
847907 
880675 
864293 
798759 
880679 
765992 
667689 
880681 
864300 
897069 
749613 
880686 
880693 
503863 
471096 
880697 
454715 
569410 
700490 
667722 
749646 
831567 
159824 
192599 
782423 
831576 
864347 
356448 
815201 
864354 
897127 
864361 
880748 
749679 
798838 
667778 
798850 
585859 
880772 
569478 
798857 
831628 
209038 
766096 
618647 
880792 
897176 
831641 
880798 
766112 
815266 
176292 
848039 
880811 
864429 
815277 
880814 
848047 
798896 
667830 
864439 
520376 
454845 
848062 
831679 
880834 
864452 
815300 
831685 
864455 
880840 
749772 
864462 
880847 
848084 
831705 
782555 
717020 
438492 
766175 
864482 
848105 
749805 
438513 
815346 
110835 
880883 
880884 
307445 
880891 
864507 
880893 
880896 
864513 
864514 
405765 
700679 
618764 
717069 
880916 
880922 
848156 
864544 
864546 
684322 
864549 
700714 
864555 
569643 
848175 
782646 
241974 
848183 
831800 
880953 
602426 
504123 
799037 
848191 
815425 
864579 
766277 
815430 
880971 
143694 
94542 
815439 
405845 
799062 
864599 
880987 
880988 
880991 
651616 
749922 
831844 
848229 
848232 
618857 
848236 
815471 
864628 
766324 
881013 
422268 
749949 
897408 
881031 
766347 
717199 
536980 
881047 
799129 
864667 
438684 
455069 
897438 
668064 
733610 
831917 
766381 
700845 
881070 
455087 
749999 
324016 
504245 
881078 
864696 
897465 
881084 
815551 
438720 
750016 
881092 
864709 
635334 
831947 
881100 
537037 
750030 
700878 
831951 
881105 
373205 
553435 
471516 
717277 
373217 
504290 
831973 
881127 
799208 
684530 
897522 
864754 
324082 
881139 
831991 
881143 
831995 
815613 
831997 
881149 
897537 
848385 
881156 
782856 
471561 
143884 
881166 
881175 
520738 
750121 
635435 
815667 
799283 
881205 
602677 
881207 
782905 
881212 
553532 
176701 
815678 
881214 
864832 
864835 
520773 
815687 
586316 
488015 
701010 
848468 
864854 
848471 
717400 
864860 
897628 
782946 
864867 
815716 
635496 
537193 
848491 
881260 
766576 
848496 
881264 
864886 
160375 
782968 
782972 
619133 
406145 
897668 
848518 
717448 
750216 
848521 
897680 
864915 
570006 
864921 
815773 
881311 
832160 
832171 
864939 
783021 
897711 
864943 
176819 
881331 
881334 
504502 
651958 
586428 
602812 
422594 
897731 
864964 
864970 
373451 
848587 
799435 
766671 
881362 
881365 
766678 
881367 
832216 
881369 
864990 
389855 
881377 
340707 
848612 
815850 
750320 
815857 
701176 
881403 
766716 
897797 
865030 
799496 
766728 
717578 
684811 
865035 
357131 
111373 
815886 
635663 
881430 
881435 
455453 
750366 
553761 
684833 
783137 
308002 
881443 
881447 
766767 
783153 
848689 
750386 
635700 
766774 
750392 
832312 
832320 
848706 
881475 
160581 
865093 
783174 
602951 
439114 
815951 
881488 
275282 
832340 
881492 
668504 
537437 
881509 
865125 
291685 
799591 
291699 
881524 
848756 
783220 
848760 
471930 
881534 
832382 
668545 
881537 
652164 
455560 
865160 
881549 
734093 
586638 
816015 
848786 
373655 
881561 
816026 
848796 
865180 
750497 
881569 
357284 
586667 
504748 
881580 
897966 
553902 
308143 
717743 
766896 
881595 
865212 
619457 
848835 
848836 
865224 
816075 
897996 
897999 
881616 
668628 
881622 
881623 
881625 
816089 
898013 
537567 
881631 
783332 
652260 
898022 
685030 
717798 
439274 
881643 
799724 
898028 
766963 
717813 
881653 
766965 
717816 
881659 
603132 
340990 
848894 
734207 
832515 
865285 
865290 
766989 
898062 
734223 
766996 
816149 
259095 
750618 
881691 
783392 
275489 
783397 
668710 
881707 
652331 
685100 
455730 
898099 
242743 
570437 
832582 
750664 
881740 
865357 
816209 
881746 
816211 
832598 
881752 
865372 
881760 
652386 
881767 
832622 
832631 
668792 
717945 
865409 
636034 
881795 
881808 
701592 
832669 
472222 
865439 
111781 
849066 
832683 
62639 
177330 
816307 
849076 
832695 
357563 
455871 
832705 
603332 
341189 
881865 
586956 
423124 
668888 
799963 
652508 
865502 
849118 
521439 
898272 
783585 
619746 
865507 
832739 
652516 
799978 
865515 
816363 
865518 
898294 
865536 
865538 
816387 
685316 
554245 
881927 
865554 
718107 
865565 
881952 
849185 
423201 
898338 
898344 
750888 
881963 
505134 
881967 
718129 
881970 
767284 
832821 
881974 
701752 
439610 
685373 
734526 
865599 
292161 
767298 
881988 
668997 
881991 
881993 
881995 
783701 
456027 
734558 
832862 
488800 
882024 
816492 
767340 
832878 
882032 
882039 
882040 
865658 
259452 
46460 
849279 
374145 
865666 
603523 
882052 
472452 
816519 
882056 
882057 
832907 
865677 
865681 
750998 
882075 
390562 
554403 
669093 
882091 
849323 
849326 
832942 
734639 
636338 
718260 
62903 
882104 
865723 
832960 
816577 
505282 
882115 
865736 
865741 
800207 
882128 
783833 
144859 
636379 
783836 
341469 
882143 
308706 
767461 
325096 
390637 
882159 
783855 
882164 
800246 
636407 
882169 
374266 
538107 
734715 
259584 
701954 
554500 
652804 
882180 
800262 
816646 
423439 
570898 
800276 
357911 
816664 
882200 
865816 
407067 
783904 
833063 
865842 
751156 
882230 
800313 
882234 
570943 
882240 
767552 
800322 
570948 
882245 
865863 
702024 
882255 
833106 
734809 
636506 
669278 
849503 
898661 
472678 
587369 
882282 
734830 
620145 
849523 
882293 
783992 
882301 
308861 
816770 
882306 
636558 
882318 
898703 
685711 
849564 
603805 
816798 
767647 
849570 
833187 
554661 
816807 
767660 
882351 
243379 
800435 
882356 
849591 
816823 
865977 
603834 
456382 
718527 
882377 
882381 
865998 
702160 
833236 
849621 
816854 
620250 
882395 
882396 
882402 
898787 
849636 
882408 
882409 
882410 
685803 
767724 
734959 
210671 
882421 
341751 
898807 
784120 
603898 
587515 
882430 
521983 
882432 
702209 
898828 
620300 
800525 
554769 
882450 
866070 
784150 
620313 
784156 
603934 
882464 
636705 
882466 
816933 
882472 
751402 
882480 
882482 
866098 
472883 
751413 
882488 
538424 
882490 
341822 
407360 
866113 
882500 
685894 
636747 
620373 
767834 
833371 
882528 
407393 
800610 
341858 
849762 
882533 
505706 
882538 
194413 
882542 
882546 
472950 
833401 
866171 
685949 
882558 
735102 
849791 
800640 
718723 
800643 
767878 
767880 
718729 
669580 
866191 
882577 
227217 
391061 
866198 
882586 
817052 
849823 
784290 
898980 
866214 
833446 
473002 
636843 
849836 
866220 
882604 
374701 
653231 
849841 
735154 
63411 
636852 
882619 
407484 
882622 
702400 
800707 
374724 
554949 
833481 
882633 
849873 
817109 
882646 
882650 
604122 
800737 
489441 
767969 
882660 
571365 
882662 
882665 
800746 
653290 
800751 
440303 
686065 
489458 
882674 
849906 
423925 
800759 
866295 
604154 
866300 
718846 
784387 
882691 
882698 
882699 
882701 
866318 
899087 
833557 
768024 
849946 
620576 
882721 
669730 
882724 
702503 
882730 
849963 
587821 
882734 
227377 
653364 
358453 
800821 
423991 
276536 
849978 
718909 
292927 
407616 
866369 
882754 
817219 
899148 
833612 
686161 
817234 
866387 
866390 
850008 
669785 
866397 
850015 
751711 
866401 
833636 
899175 
735338 
882806 
260215 
686200 
882812 
407676 
899197 
342143 
882816 
866435 
882820 
833671 
882827 
833676 
866446 
882834 
850071 
686235 
538779 
604315 
637087 
391328 
784545 
866466 
866467 
768171 
882860 
866479 
391343 
850095 
768175 
538801 
784563 
473269 
719034 
669885 
833726 
719039 
702657 
620741 
882885 
604367 
96465 
702678 
145626 
882906 
129243 
850141 
882909 
866528 
637152 
14567 
571626 
833771 
784620 
866541 
882928 
899314 
440565 
882933 
735477 
882935 
882937 
882939 
882941 
768254 
702728 
833800 
768271 
309522 
882963 
866583 
866588 
489756 
391455 
882975 
882983 
735535 
866609 
293169 
882994 
784693 
571701 
866614 
850234 
866619 
686397 
883007 
686403 
850251 
620879 
375120 
358738 
883026 
522589 
784735 
457056 
833888 
883047 
375144 
670057 
801130 
883053 
457071 
375153 
883060 
211317 
538997 
817529 
686460 
326012 
883069 
768381 
801154 
883076 
817542 
883081 
883085 
899471 
883089 
686482 
899474 
506258 
801171 
768415 
883110 
375207 
833959 
866731 
489901 
670125 
899502 
473519 
457142 
604602 
883133 
883134 
440767 
276930 
686531 
883140 
883143 
883148 
670157 
883153 
326101 
358874 
309726 
866785 
784869 
670181 
768489 
801262 
735726 
883183 
817648 
883188 
424437 
866805 
735737 
850429 
883197 
752126 
64002 
866821 
850437 
408074 
883216 
883218 
391699 
670234 
866850 
866855 
522792 
883244 
768557 
522798 
899632 
850480 
719408 
883249 
539185 
883250 
834101 
637496 
653882 
375356 
883265 
866887 
719432 
850504 
866889 
588362 
866891 
96847 
768591 
883284 
866900 
752214 
637532 
113247 
244319 
883297 
703075 
653924 
834152 
817774 
883312 
834163 
899701 
866936 
703099 
834181 
883333 
440967 
719499 
850571 
277132 
391824 
899733 
883349 
883352 
719515 
883361 
866977 
801447 
883371 
899757 
473774 
883375 
801460 
883382 
768696 
883384 
391865 
867002 
670394 
883386 
686781 
621245 
850621 
309951 
801471 
899777 
883397 
768711 
326344 
817864 
719561 
785097 
883402 
817866 
883405 
752339 
719573 
883415 
817880 
735966 
834273 
850657 
441057 
867042 
850662 
834280 
113386 
850668 
768750 
850670 
883440 
867057 
899827 
572148 
883446 
785145 
490235 
162557 
785151 
883456 
883459 
473859 
817925 
719621 
883461 
850694 
883463 
867079 
883464 
572171 
801547 
785165 
817933 
883471 
604943 
883473 
899857 
834322 
195348 
867093 
801558 
899863 
637721 
129832 
768809 
899883 
555819 
342829 
867118 
883508 
883510 
883511 
391994 
670523 
867134 
899904 
359241 
899913 
883530 
883532 
752460 
768846 
703310 
670546 
785234 
736082 
97107 
850771 
801623 
883543 
867160 
883547 
424796 
850782 
818015 
146271 
899936 
834400 
490337 
768869 
146278 
686950 
883559 
867175 
883564 
768876 
883565 
506736 
899953 
670582 
736119 
899961 
310137 
818042 
883582 
654207 
883584 
867203 
850819 
883589 
785286 
523147 
785296 
424848 
670610 
883603 
883605 
867222 
834458 
785310 
621472 
818081 
834469 
48039 
883623 
850855 
736169 
867244 
883629 
883632 
818096 
654264 
768955 
850879 
424899 
867268 
883652 
572359 
211912 
490444 
621517 
883667 
605146 
801755 
883676 
883679 
621539 
326628 
736229 
850918 
883690 
326635 
883696 
687092 
900085 
883703 
457721 
277499 
850941 
211968 
310276 
883719 
179210 
883726 
769038 
883729 
883731 
883733 
834581 
719896 
818200 
850969 
752668 
850974 
883744 
769056 
867370 
801836 
785455 
883764 
785463 
883773 
703549 
605248 
80961 
883784 
277579 
834636 
883789 
883791 
867409 
834642 
900178 
867415 
851036 
818269 
883806 
392289 
883814 
687207 
605290 
883819 
851056 
883825 
900209 
687218 
818290 
539763 
736373 
867445 
900218 
883837 
212093 
621693 
441470 
474238 
851070 
703615 
507013 
834694 
638086 
883848 
294030 
64654 
490643 
851092 
572567 
834712 
523418 
883868 
769182 
621730 
310435 
867491 
883880 
457896 
851115 
785581 
801967 
179377 
638137 
883897 
851136 
736449 
408771 
883917 
883919 
867537 
883922 
572627 
867540 
883926 
867543 
31961 
802012 
883933 
851165 
900320 
752868 
326885 
802022 
867562 
802027 
883947 
163055 
752880 
883955 
883960 
408824 
883961 
802044 
113917 
883966 
638207 
883971 
130309 
851205 
556294 
883974 
883975 
883982 
638226 
883989 
736538 
883996 
900384 
621856 
802083 
884003 
703781 
884007 
769322 
884015 
900399 
130358 
884022 
884026 
556351 
851265 
884037 
752971 
851277 
884047 
884048 
851288 
507224 
900441 
851290 
884058 
884059 
884061 
867684 
884068 
638309 
851302 
867686 
802151 
884073 
867690 
802158 
425328 
146802 
507251 
884085 
359797 
540021 
884086 
802172 
818556 
884093 
589182 
884097 
884103 
474505 
851339 
884114 
425364 
884121 
900507 
785821 
589217 
884130 
540072 
900520 
884138 
900522 
802221 
654767 
736688 
867763 
785844 
818618 
736701 
884162 
671174 
802257 
867799 
277977 
900569 
802266 
818655 
359903 
720353 
851427 
884196 
507368 
359913 
884203 
802284 
769517 
556525 
474605 
867823 
835055 
720368 
884211 
867827 
900595 
835061 
867831 
851448 
900606 
884223 
818688 
867844 
802309 
884230 
867847 
884242 
900627 
884243 
736788 
884247 
884248 
835096 
769567 
851489 
884260 
785957 
704037 
818726 
884264 
884267 
884269 
802351 
720431 
769587 
884276 
884277 
900661 
671287 
835131 
851516 
884287 
884290 
884291 
835139 
884293 
327240 
851532 
884301 
867917 
851537 
704082 
835159 
884318 
786017 
835172 
589414 
884327 
884329 
884332 
97902 
818802 
867957 
818806 
900727 
884343 
753271 
818809 
867962 
867966 
736898 
867971 
884356 
769669 
786055 
867977 
884362 
556685 
884366 
867982 
818832 
573072 
638608 
114321 
573074 
900755 
884372 
851605 
622230 
884376 
736923 
867999 
769699 
851620 
851622 
294566 
474794 
884397 
884399 
130744 
392889 
884410 
884413 
851648 
638661 
720582 
851654 
884423 
884427 
818891 
179915 
900821 
835288 
589529 
884442 
212698 
818907 
868060 
884445 
884453 
81638 
868071 
851688 
655081 
474858 
835307 
458477 
868077 
753391 
884464 
900856 
900860 
851711 
884480 
163584 
884483 
884487 
868104 
835338 
687887 
835346 
884501 
671510 
884503 
884508 
589600 
327458 
884514 
884519 
720680 
884521 
802603 
605997 
884527 
442159 
851762 
769842 
753459 
48950 
835383 
851767 
163642 
458555 
868163 
540487 
884553 
868169 
884555 
589645 
835406 
753488 
819025 
442198 
851804 
884577 
884579 
819043 
376676 
606054 
311143 
900968 
294760 
884588 
868204 
884592 
868210 
884596 
851834 
442238 
851839 
737152 
671618 
900998 
884615 
868232 
901003 
884622 
556943 
868244 
16276 
720789 
786326 
769944 
786328 
671641 
671643 
868255 
884641 
393124 
294833 
884657 
704434 
589748 
868280 
884666 
802747 
753601 
884675 
819142 
868296 
786377 
851913 
442315 
868299 
671696 
786386 
786390 
720854 
737238 
868313 
802779 
737243 
671712 
884709 
311269 
835557 
851941 
884710 
491495 
868328 
671726 
884724 
491509 
835574 
851958 
851960 
688123 
507902 
)

// ************************************************************************* //
