/*--------------------------------*- C++ -*----------------------------------*\
  =========                 |
  \\      /  F ield         | OpenFOAM: The Open Source CFD Toolbox
   \\    /   O peration     | Website:  https://openfoam.org
    \\  /    A nd           | Version:  dev
     \\/     M anipulation  |
\*---------------------------------------------------------------------------*/
FoamFile
{
    format      ascii;
    class       faceSet;
    location    "constant/polyMesh/sets";
    object      waterWallPiston;
}
// * * * * * * * * * * * * * * * * * * * * * * * * * * * * * * * * * * * * * //


2012
(
65541 
32779 
53260 
65554 
90132 
98325 
49176 
98330 
12316 
8222 
90145 
94245 
102438 
94250 
90158 
98350 
69679 
102450 
61494 
102455 
102457 
86073 
94266 
102461 
57406 
73791 
86081 
73795 
102471 
90185 
102485 
98392 
102491 
73823 
86112 
32865 
49249 
102500 
98408 
65643 
32881 
82033 
102514 
102518 
102522 
41083 
69756 
57468 
102524 
86143 
102529 
94337 
82057 
102537 
65674 
45196 
102540 
98444 
86159 
37012 
73877 
102551 
69784 
82083 
98468 
65703 
102569 
94382 
73907 
94388 
98485 
98487 
102586 
65723 
98492 
102588 
86208 
86212 
94405 
94407 
98507 
73932 
90319 
86225 
28881 
102610 
102614 
102618 
73948 
53469 
102621 
102622 
73956 
102629 
98540 
28909 
73967 
78067 
41208 
102649 
78082 
102658 
94473 
102665 
8459 
61709 
102671 
102674 
94489 
102688 
94496 
53537 
4385 
78115 
102693 
98603 
86316 
98605 
102703 
16690 
102706 
82228 
98619 
61757 
37182 
45375 
90433 
102722 
94532 
90441 
69962 
98639 
94544 
102739 
102742 
74073 
98652 
90464 
94561 
82276 
102758 
37223 
33129 
61802 
98667 
102764 
86382 
102766 
45424 
98675 
82297 
102778 
102785 
61828 
65928 
102792 
98697 
70025 
61834 
102794 
98710 
102807 
45464 
90521 
57754 
74147 
41382 
102824 
102829 
90543 
94641 
98737 
82355 
102837 
78264 
86456 
102842 
94652 
70076 
65981 
70086 
98758 
98759 
102855 
90569 
102859 
94669 
86480 
98769 
94674 
25044 
90582 
94687 
66015 
70111 
98784 
57824 
12769 
74211 
66022 
86502 
90601 
66025 
102890 
33261 
66030 
90608 
70136 
90616 
98813 
61949 
102910 
94718 
70144 
102913 
102920 
94728 
98824 
74250 
90634 
86540 
78351 
102928 
102929 
98835 
25107 
98842 
57888 
53796 
86566 
102954 
21035 
102956 
82476 
74284 
21037 
74285 
57902 
102959 
66097 
78392 
90680 
62010 
102971 
98879 
90693 
98886 
102986 
62026 
102988 
53839 
66129 
74324 
102998 
103001 
94811 
103003 
49769 
66155 
103020 
103022 
98930 
62067 
90742 
74358 
90744 
94842 
103034 
70269 
41598 
45696 
103041 
103042 
53890 
62083 
78472 
103052 
103054 
103057 
29331 
94867 
82581 
90773 
86679 
82583 
103067 
94876 
98983 
103080 
94888 
98986 
90795 
103083 
103085 
103087 
103091 
37561 
66234 
70331 
86716 
103100 
58045 
103105 
103107 
29381 
25289 
62154 
86731 
103116 
94925 
70350 
103119 
99023 
90832 
103122 
70354 
103124 
74455 
99031 
86744 
41689 
62172 
103135 
103137 
90850 
103140 
90854 
53991 
62185 
37610 
103150 
103157 
99063 
94968 
74489 
103164 
78593 
103173 
86791 
103175 
78600 
103178 
103181 
90894 
103183 
94995 
99093 
103189 
94998 
21271 
103192 
99097 
103202 
103203 
33571 
70446 
103215 
74544 
82737 
66353 
70451 
90932 
95030 
54071 
103226 
99131 
66364 
74556 
99132 
103229 
95039 
74561 
70472 
103241 
13129 
103243 
103245 
103249 
21333 
41814 
95063 
103259 
99165 
90974 
86879 
99171 
82790 
103270 
90983 
41832 
54120 
103275 
103276 
95086 
103282 
86901 
103287 
99191 
82808 
103293 
78722 
86916 
99205 
25477 
91018 
66444 
103314 
103319 
54168 
103321 
78750 
5022 
86944 
95136 
29602 
103331 
62376 
25514 
54187 
103341 
91053 
99248 
78768 
86961 
70581 
86965 
54198 
103353 
82873 
99259 
103355 
95165 
21437 
78782 
99262 
103361 
86978 
74692 
103365 
25541 
86982 
78793 
91083 
103376 
41937 
99287 
95192 
103385 
103388 
99294 
103390 
87010 
91106 
99298 
82917 
78821 
87015 
82919 
82920 
95210 
99306 
70636 
99309 
62446 
103420 
58364 
103421 
95235 
87044 
103431 
103432 
103441 
66583 
103452 
54301 
91168 
74787 
103460 
58406 
87079 
99368 
95275 
82989 
95278 
62510 
103475 
103478 
91191 
103480 
103483 
33851 
99388 
103487 
103489 
42053 
103498 
103501 
70736 
58450 
83028 
78932 
91220 
83029 
74839 
99415 
70745 
83035 
103515 
21595 
70750 
99422 
103518 
99424 
99425 
83041 
95330 
103524 
33892 
99429 
83045 
95333 
103526 
74855 
103531 
74859 
99436 
91244 
103532 
103534 
99442 
103539 
103541 
103542 
99446 
83065 
95353 
87168 
99457 
83073 
103558 
103564 
99468 
99470 
103568 
62611 
83097 
103578 
99483 
70813 
66719 
103584 
29859 
79014 
74918 
91303 
103592 
66734 
87216 
103601 
79026 
99509 
42165 
91321 
103610 
103614 
87230 
103626 
99531 
103629 
74958 
103631 
95441 
99541 
70875 
103643 
103646 
91363 
83171 
103651 
103652 
21733 
103654 
74982 
95463 
87272 
103659 
99565 
103661 
70894 
79087 
103663 
74993 
91382 
38134 
103672 
103674 
87291 
103676 
91388 
58623 
75008 
103681 
103682 
99587 
29955 
91396 
103685 
75015 
46348 
91411 
62741 
42264 
103704 
103706 
87322 
21786 
103708 
13600 
95521 
103716 
87333 
95525 
99621 
91432 
91441 
95537 
99635 
103733 
103735 
103737 
83259 
103742 
83263 
103744 
103746 
99651 
79173 
103751 
91464 
75083 
103760 
103762 
103764 
99670 
38231 
87388 
17761 
103778 
99683 
91497 
79210 
87404 
95600 
95601 
87413 
50551 
103800 
103801 
103802 
87424 
103809 
38274 
103813 
38279 
103816 
87435 
83340 
103820 
103822 
103823 
99731 
103831 
99737 
103834 
58778 
103838 
62879 
103840 
58786 
103845 
99749 
83368 
103851 
103855 
103857 
34226 
103859 
99766 
71097 
103868 
26046 
54720 
42434 
103875 
103877 
103879 
30151 
91593 
62921 
46538 
99786 
71114 
103883 
9675 
103887 
87505 
103890 
75219 
91606 
95706 
34266 
103900 
103903 
103904 
103906 
103908 
58856 
79339 
99823 
22001 
103923 
103924 
79351 
79353 
103930 
91644 
83453 
26111 
103938 
83460 
99845 
95750 
67079 
99848 
103945 
103947 
103948 
79372 
95758 
103950 
34320 
103953 
95761 
103955 
103958 
95766 
99865 
87578 
79386 
103963 
87579 
103964 
103967 
46624 
103969 
79393 
83490 
22051 
103971 
95783 
103975 
67114 
99885 
103984 
103985 
99891 
91699 
87604 
54837 
103989 
99896 
95801 
87609 
75322 
103997 
104000 
104002 
104003 
87619 
104005 
75336 
99912 
104010 
99914 
63050 
95820 
79445 
104022 
99928 
75353 
91737 
104028 
104033 
104035 
71267 
83568 
99953 
79474 
1650 
99957 
104054 
99959 
30327 
71292 
95868 
104062 
50816 
54912 
104065 
104068 
22149 
67206 
75398 
99975 
67209 
104074 
104079 
79503 
104081 
95891 
83605 
104086 
104092 
1692 
104094 
100006 
71335 
104104 
104106 
79531 
100011 
104108 
87725 
104114 
104115 
104117 
71352 
91832 
104122 
75462 
91847 
87754 
75467 
71372 
104141 
46799 
79567 
104145 
104146 
79572 
100052 
75477 
100054 
104152 
83672 
87769 
104155 
34523 
100059 
104156 
104157 
50909 
104158 
83678 
95966 
95968 
42720 
30434 
104165 
83685 
104167 
95975 
26343 
104169 
104172 
18162 
104179 
42740 
100085 
104181 
71414 
104183 
67320 
87800 
104186 
79612 
104191 
83715 
104197 
75526 
34566 
96008 
83721 
104203 
104204 
104206 
104207 
87826 
50964 
104212 
104215 
87831 
104216 
71450 
104223 
96032 
96034 
104227 
96036 
91943 
96041 
104235 
104237 
100142 
83759 
104241 
96050 
79667 
100147 
104243 
75574 
104246 
91962 
100158 
104259 
104263 
51018 
104267 
87884 
100179 
87893 
30553 
104282 
83803 
83805 
104286 
104287 
96097 
104289 
79714 
104290 
51042 
87907 
96100 
104292 
104295 
104297 
104299 
71531 
104300 
104301 
104304 
104307 
1908 
104308 
100213 
79736 
92025 
104315 
104316 
104320 
96129 
100226 
104323 
83844 
71558 
104326 
79751 
42890 
55182 
104335 
104336 
104337 
104338 
38803 
75667 
83860 
104341 
26518 
96152 
104346 
100250 
104347 
104350 
104354 
79779 
100259 
96170 
100267 
92077 
92079 
42927 
104367 
87984 
75697 
87988 
104375 
79800 
100280 
92089 
104379 
38844 
96188 
104380 
83902 
104384 
30657 
63426 
1993 
104395 
51149 
104398 
100302 
63439 
83920 
104413 
71645 
104415 
100322 
104419 
100323 
75747 
83941 
42982 
88038 
104423 
96234 
104427 
71660 
104430 
104431 
104432 
100337 
104433 
104434 
71667 
100339 
96244 
96247 
104439 
79865 
104441 
92153 
96250 
104443 
79868 
104444 
100350 
104446 
79871 
92159 
100352 
104448 
104449 
63491 
104461 
104462 
83984 
75794 
104466 
47123 
88084 
104468 
104471 
104472 
71704 
104473 
100379 
100382 
104479 
104481 
100386 
59427 
104484 
104486 
38950 
30761 
88105 
104491 
75823 
104496 
104497 
84019 
104501 
104502 
55352 
38972 
100413 
88125 
67646 
30782 
100414 
92222 
92225 
84034 
100418 
100419 
104515 
84037 
104518 
100423 
104521 
79945 
92233 
96329 
104524 
104525 
100430 
43087 
100432 
67665 
100434 
104532 
104534 
104535 
39001 
55385 
104538 
63578 
100444 
104541 
63582 
100450 
59491 
104547 
104550 
104553 
88173 
88175 
84082 
100468 
104565 
104566 
104568 
88184 
104571 
100476 
104572 
104574 
96385 
104577 
104578 
104580 
104581 
104582 
100486 
59529 
104586 
104587 
84107 
104588 
100493 
104590 
104591 
104594 
96402 
104595 
88214 
104600 
80025 
104601 
59548 
104605 
100509 
67743 
96417 
104609 
100521 
84137 
104618 
104621 
88237 
104622 
104627 
104630 
100535 
104631 
104634 
104635 
104636 
88252 
96445 
104638 
63679 
104640 
100544 
104642 
104643 
104644 
104646 
84166 
75975 
104647 
104653 
75981 
104654 
104655 
92367 
104656 
104657 
104658 
100564 
104667 
84189 
100576 
104674 
104677 
76006 
104679 
104683 
104684 
104686 
104687 
104688 
51440 
104690 
63732 
100597 
47350 
104695 
100599 
67831 
104696 
100601 
104699 
104700 
88316 
104702 
100606 
104703 
80127 
92416 
100609 
96513 
104707 
104709 
100614 
104711 
84233 
100618 
104717 
100622 
104719 
76048 
104723 
104725 
88341 
104731 
92444 
104732 
104733 
100638 
104734 
55585 
63779 
76069 
104742 
104743 
92456 
92458 
71979 
104748 
104749 
104750 
96558 
104751 
104752 
76080 
104754 
88370 
104756 
104760 
96568 
80184 
104761 
104763 
104764 
104765 
43325 
104766 
104767 
96576 
80194 
55618 
100675 
35141 
104775 
80200 
100680 
72009 
96590 
51534 
84302 
104782 
104783 
104784 
51539 
92502 
104791 
35159 
96599 
104796 
63837 
100701 
39264 
100705 
31076 
100710 
39270 
104806 
63855 
100719 
104817 
96626 
104818 
76147 
104820 
100724 
100725 
104823 
100728 
104824 
104826 
80250 
104828 
104829 
88446 
43394 
104837 
88453 
104841 
104844 
96652 
104845 
104846 
80276 
63893 
80278 
104856 
104857 
67998 
104865 
43426 
76197 
100774 
100778 
96682 
92590 
18862 
104880 
72114 
51635 
100793 
104890 
72123 
92603 
68032 
76230 
88532 
92630 
72154 
96738 
59875 
68072 
100843 
92654 
76271 
96753 
100851 
96756 
84469 
39414 
76279 
96770 
104964 
92678 
100871 
10765 
92688 
68116 
88597 
64029 
47647 
104992 
80416 
96800 
100897 
35361 
100899 
72231 
92712 
96808 
88621 
100910 
96814 
92721 
96820 
92730 
105019 
43584 
14912 
84545 
68169 
68172 
96845 
100941 
64078 
43600 
96855 
92762 
80477 
96862 
105054 
100960 
39521 
64102 
92779 
64107 
96878 
100974 
72304 
84593 
76401 
100977 
92787 
96884 
100983 
96888 
80507 
84605 
88705 
100993 
100994 
92803 
96903 
101000 
31370 
72335 
101008 
105116 
96924 
96926 
76447 
84639 
101023 
101024 
80549 
105127 
96936 
96941 
43695 
101040 
96947 
101043 
88758 
80570 
105149 
92867 
101059 
56006 
96977 
105173 
64214 
96983 
88791 
47832 
96986 
105180 
88799 
72417 
31459 
56038 
92911 
84721 
88817 
101107 
101110 
88835 
35592 
80650 
60171 
76557 
105233 
68370 
23317 
101147 
101151 
101155 
80681 
43818 
101166 
105271 
92986 
72508 
80705 
101189 
43846 
84808 
11080 
97106 
60243 
39765 
27485 
72545 
64355 
76645 
68457 
60266 
101228 
76655 
88943 
97136 
76664 
88954 
84860 
93057 
93059 
93061 
80774 
76681 
101258 
97167 
84880 
101264 
93073 
101271 
68505 
105371 
31644 
80796 
101278 
93091 
93093 
97191 
101287 
68520 
93099 
105387 
76717 
72627 
15292 
89026 
93123 
101321 
101324 
97228 
43981 
97235 
101333 
101335 
80856 
84952 
101337 
56284 
101340 
105438 
76766 
80862 
64482 
60387 
80868 
76772 
97255 
52199 
80875 
105460 
72695 
64503 
97271 
76791 
48128 
101376 
101380 
101383 
97288 
101385 
76811 
97293 
101398 
101404 
60446 
89121 
60449 
97313 
101414 
76839 
80936 
101418 
101420 
93229 
48174 
85047 
101433 
89147 
105534 
97343 
68672 
93248 
89152 
105536 
97352 
64585 
101452 
101455 
97359 
101456 
72786 
93268 
101462 
97367 
97368 
89177 
93276 
60509 
52321 
93283 
101475 
105571 
40038 
76904 
93289 
64619 
72811 
76907 
85102 
105584 
85105 
27761 
101490 
105586 
72819 
64630 
101494 
101500 
40062 
52351 
97412 
101509 
72843 
101523 
23701 
97431 
81047 
101529 
19609 
81053 
35997 
56478 
101534 
105635 
56484 
85160 
105648 
68789 
97463 
97466 
68797 
52414 
76992 
68801 
36039 
101577 
85194 
101580 
101582 
85200 
93392 
93394 
48338 
72914 
56541 
97503 
101602 
72936 
7401 
101614 
89327 
60658 
101618 
81140 
36087 
93431 
97528 
101626 
101627 
52475 
48380 
81151 
81153 
101636 
81158 
93451 
97550 
93457 
101654 
89369 
60697 
68890 
101659 
97568 
101664 
77089 
48417 
56613 
93481 
93483 
89389 
89397 
3383 
105784 
48442 
93499 
101692 
89405 
105792 
93507 
40265 
101705 
89421 
97616 
32084 
105812 
93529 
101728 
68964 
105829 
93542 
28006 
64874 
101740 
32110 
93552 
68977 
105843 
101748 
101755 
89467 
101759 
105856 
101763 
68995 
52611 
60805 
60807 
89480 
101769 
101775 
97681 
81297 
32146 
73107 
97685 
52630 
93594 
81309 
101790 
89510 
101800 
89512 
105897 
101804 
32178 
101811 
93619 
85427 
93620 
60853 
101815 
105911 
97719 
36280 
89530 
101819 
56764 
105917 
69053 
69055 
101824 
77249 
89538 
24002 
101833 
101836 
89550 
44495 
101842 
97746 
101845 
48598 
69079 
89566 
93667 
64996 
101861 
105959 
56808 
77289 
93677 
97780 
105972 
85494 
97784 
7675 
89595 
101886 
101889 
81412 
11782 
89610 
105996 
85518 
101905 
106002 
77331 
89619 
60950 
52762 
69147 
40475 
97820 
106014 
65056 
101921 
65064 
40489 
93738 
85546 
101932 
85549 
89645 
93744 
101937 
97843 
24123 
101947 
89660 
97854 
97857 
44614 
93768 
101966 
106063 
73299 
93780 
61014 
44632 
81496 
101976 
77409 
56933 
89705 
97899 
81517 
101998 
52850 
85618 
89717 
93820 
93823 
81535 
40578 
102019 
102021 
65158 
65161 
16012 
28301 
97934 
102034 
102037 
11927 
97944 
56984 
97945 
85660 
93856 
81569 
97958 
81580 
102060 
89779 
93877 
102073 
85690 
69313 
102082 
97986 
102086 
97993 
93899 
36556 
69329 
85714 
93908 
85718 
81624 
102105 
85723 
102110 
106207 
106219 
93932 
89838 
106222 
102126 
93937 
98035 
73459 
98039 
85751 
93945 
85759 
77568 
52992 
102146 
98052 
102151 
102153 
98061 
69391 
102163 
102169 
102170 
57116 
53020 
102174 
65312 
57125 
61223 
98089 
98094 
65328 
102193 
61234 
106292 
106296 
102201 
89913 
57146 
94011 
94013 
102206 
65342 
36674 
106307 
102212 
94027 
102221 
102224 
73553 
61267 
73556 
102230 
89947 
98140 
81757 
106343 
98152 
106345 
94062 
65390 
102257 
94066 
102261 
102262 
106359 
94079 
57215 
98178 
102274 
102275 
102277 
61318 
106377 
94094 
77712 
65425 
102289 
73620 
102293 
98197 
32661 
98200 
81817 
102298 
69531 
98204 
106398 
94114 
98213 
106406 
73642 
73643 
85934 
102319 
98223 
106417 
81845 
98230 
28601 
106426 
65466 
85952 
94145 
102356 
85975 
77797 
49133 
102391 
102394 
102396 
36861 
)

// ************************************************************************* //
